samples/00001.jpg 54 121 256 283
samples/00002.jpg 76 94 275 223
samples/00003.jpg 54 100 231 282
samples/00004.jpg 38 113 229 275
samples/00005.jpg 58 81 233 239
samples/00006.jpg 106 51 175 98
samples/00008.jpg 33 38 284 285
samples/00009.jpg 56 115 287 264
samples/00010.jpg 33 93 280 281
samples/00011.jpg 39 100 229 254
samples/00012.jpg 71 133 233 253
samples/00013.jpg 46 97 263 267
samples/00014.jpg 50 113 219 228
samples/00015.jpg 56 86 260 271
samples/00016.jpg 39 111 259 263
samples/00017.jpg 41 95 280 277
samples/00018.jpg 35 123 244 245
samples/00019.jpg 72 106 222 252
samples/00020.jpg 115 106 250 228
samples/00021.jpg 97 95 248 240
samples/00022.jpg 42 84 290 283
samples/00023.jpg 43 100 233 276
samples/00024.jpg 139 101 261 256
samples/00025.jpg 125 115 235 227
samples/00026.jpg 123 144 230 286
samples/00027.jpg 67 113 242 264
samples/00028.jpg 105 109 244 276
samples/00029.jpg 49 94 250 254
samples/00030.jpg 50 64 250 259
samples/00031.jpg 30 91 296 285
samples/00032.jpg 43 94 232 270
samples/00033.jpg 86 96 221 263
samples/00034.jpg 21 91 265 258
samples/00035.jpg 15 111 261 246
samples/00036.jpg 107 68 222 213
samples/00037.jpg 71 96 224 246
samples/00038.jpg 22 81 251 282
samples/00039.jpg 54 72 300 213
samples/00040.jpg 62 102 211 195
samples/00041.jpg 74 98 229 284
samples/00042.jpg 80 108 218 279
samples/00043.jpg 56 107 255 254
samples/00044.jpg 78 142 239 275
samples/00045.jpg 60 121 253 273
samples/00046.jpg 17 95 292 279
samples/00047.jpg 45 97 238 257
samples/00048.jpg 81 104 243 274
samples/00049.jpg 20 116 233 232
samples/00050.jpg 45 65 187 270
samples/00051.jpg 22 100 285 268
samples/00052.jpg 105 151 248 252
samples/00053.jpg 59 77 257 219
samples/00054.jpg 96 74 262 226
samples/00055.jpg 1 67 299 274
samples/00056.jpg 57 133 225 265
samples/00057.jpg 129 95 219 168
samples/00058.jpg 28 105 244 245
samples/00059.jpg 13 101 281 278
samples/00060.jpg 81 42 238 105
samples/00061.jpg 17 111 238 277
samples/00062.jpg 48 139 256 267
samples/00063.jpg 32 88 221 226
samples/00064.jpg 54 69 252 271
samples/00065.jpg 75 75 155 174
samples/00066.jpg 68 130 241 272
samples/00067.jpg 60 111 250 249
samples/00068.jpg 14 77 288 297
samples/00069.jpg 39 110 241 259
samples/00070.jpg 33 69 231 295
samples/00071.jpg 54 117 216 292
samples/00072.jpg 12 58 290 281
samples/00073.jpg 68 103 233 255
samples/00074.jpg 52 96 274 276
samples/00075.jpg 76 112 229 258
samples/00076.jpg 96 103 263 258
samples/00077.jpg 68 120 210 278
samples/00078.jpg 9 102 288 258
samples/00079.jpg 22 74 282 268
samples/00080.jpg 24 126 274 272
samples/00081.jpg 40 139 237 282
samples/00082.jpg 54 68 246 271
samples/00083.jpg 108 73 238 255
samples/00084.jpg 10 66 282 282
samples/00085.jpg 55 110 261 281
samples/00086.jpg 47 110 277 290
samples/00087.jpg 20 93 269 268
samples/00088.jpg 47 98 231 249
samples/00089.jpg 60 77 236 264
samples/00090.jpg 112 122 277 265
samples/00091.jpg 61 66 231 252
samples/00092.jpg 104 78 236 193
samples/00093.jpg 51 95 251 270
samples/00094.jpg 62 98 224 235
samples/00095.jpg 73 124 215 229
samples/00096.jpg 60 93 248 249
samples/00097.jpg 60 106 243 224
samples/00098.jpg 2 114 295 251
samples/00099.jpg 44 64 261 245
samples/00100.jpg 71 107 213 244
samples/00101.jpg 11 130 277 283
samples/00102.jpg 53 95 259 271
samples/00103.jpg 27 102 269 278
samples/00104.jpg 9 116 257 288
samples/00105.jpg 32 41 245 250
samples/00106.jpg 72 140 219 249
samples/00107.jpg 113 91 254 265
samples/00108.jpg 43 106 227 240
samples/00109.jpg 10 97 260 296
samples/00110.jpg 0 51 291 237
samples/00111.jpg 135 155 206 246
samples/00112.jpg 40 114 260 279
samples/00113.jpg 62 107 242 277
samples/00114.jpg 10 53 289 295
samples/00115.jpg 50 109 242 247
samples/00116.jpg 16 91 283 285
samples/00117.jpg 62 108 273 281
samples/00118.jpg 63 100 239 226
samples/00119.jpg 41 121 255 255
samples/00120.jpg 81 65 242 291
samples/00121.jpg 16 132 264 266
samples/00122.jpg 39 113 272 228
samples/00123.jpg 21 72 275 222
samples/00124.jpg 46 96 269 266
samples/00125.jpg 55 95 281 279
samples/00126.jpg 19 80 291 279
samples/00127.jpg 83 77 231 209
samples/00128.jpg 65 128 220 262
samples/00129.jpg 25 94 255 257
samples/00130.jpg 27 89 227 228
samples/00131.jpg 80 50 193 107
samples/00132.jpg 106 36 223 83
samples/00133.jpg 41 62 242 244
samples/00134.jpg 63 123 251 246
samples/00135.jpg 48 104 234 257
samples/00136.jpg 38 75 268 273
samples/00137.jpg 15 85 289 286
samples/00138.jpg 71 86 265 281
samples/00139.jpg 36 126 262 262
samples/00140.jpg 39 121 246 234
samples/00141.jpg 80 89 221 277
samples/00142.jpg 49 76 249 255
samples/00143.jpg 37 87 272 280
samples/00144.jpg 46 99 240 285
samples/00145.jpg 82 120 235 253
samples/00146.jpg 95 91 229 201
samples/00147.jpg 44 14 270 254
samples/00148.jpg 84 91 199 187
samples/00149.jpg 108 108 242 267
samples/00150.jpg 53 95 257 223
samples/00151.jpg 13 97 294 292
samples/00152.jpg 100 182 257 299
samples/00153.jpg 35 127 216 280
samples/00154.jpg 59 146 230 278
samples/00155.jpg 61 108 245 274
samples/00156.jpg 23 121 276 280
samples/00157.jpg 52 135 241 243
samples/00158.jpg 71 93 213 284
samples/00159.jpg 56 88 251 281
samples/00160.jpg 17 100 239 285
samples/00161.jpg 37 106 248 287
samples/00162.jpg 32 110 270 264
samples/00163.jpg 128 135 244 225
samples/00164.jpg 33 126 236 260
samples/00165.jpg 30 124 272 276
samples/00166.jpg 38 78 262 272
samples/00167.jpg 1 95 277 268
samples/00168.jpg 39 83 261 283
samples/00169.jpg 68 115 224 252
samples/00170.jpg 51 60 279 193
samples/00171.jpg 13 114 292 234
samples/00172.jpg 118 32 186 59
samples/00173.jpg 12 115 296 272
samples/00174.jpg 7 36 300 237
samples/00175.jpg 43 81 258 280
samples/00176.jpg 33 84 191 285
samples/00177.jpg 109 143 263 251
samples/00178.jpg 19 110 292 295
samples/00179.jpg 57 105 205 263
samples/00180.jpg 42 147 246 253
samples/00181.jpg 54 82 294 245
samples/00182.jpg 67 61 238 263
samples/00183.jpg 109 49 217 111
samples/00184.jpg 32 88 261 288
samples/00185.jpg 68 95 237 231
samples/00186.jpg 20 84 286 266
samples/00187.jpg 33 84 263 256
samples/00188.jpg 26 56 278 280
samples/00189.jpg 127 35 209 92
samples/00190.jpg 41 102 260 255
samples/00191.jpg 58 87 245 258
samples/00192.jpg 44 111 175 235
samples/00193.jpg 107 105 251 217
samples/00194.jpg 61 122 258 261
samples/00195.jpg 18 84 287 245
samples/00196.jpg 48 109 211 235
samples/00197.jpg 18 90 290 281
samples/00198.jpg 15 96 286 291
samples/00199.jpg 28 117 259 278
samples/00200.jpg 66 38 232 220
samples/00201.jpg 21 59 266 287
samples/00202.jpg 103 104 270 260
samples/00203.jpg 95 82 193 233
samples/00204.jpg 76 73 229 250
samples/00205.jpg 50 156 212 216
samples/00206.jpg 25 111 231 247
samples/00207.jpg 63 112 251 283
samples/00208.jpg 55 91 247 257
samples/00209.jpg 46 134 250 274
samples/00210.jpg 51 118 230 238
samples/00211.jpg 84 125 273 266
samples/00212.jpg 47 51 245 216
samples/00213.jpg 52 73 264 218
samples/00214.jpg 16 111 260 283
samples/00215.jpg 90 69 212 206
samples/00216.jpg 37 53 190 147
samples/00217.jpg 39 115 257 243
samples/00218.jpg 52 87 243 258
samples/00219.jpg 67 115 240 237
samples/00220.jpg 34 94 241 256
samples/00221.jpg 111 92 236 177
samples/00222.jpg 40 105 274 280
samples/00223.jpg 79 95 247 239
samples/00224.jpg 20 106 287 283
samples/00225.jpg 68 96 253 287
samples/00226.jpg 31 87 284 296
samples/00227.jpg 76 131 219 261
samples/00228.jpg 24 102 271 247
samples/00229.jpg 129 100 233 193
samples/00230.jpg 28 50 254 209
samples/00231.jpg 52 55 234 145
samples/00232.jpg 72 98 247 250
samples/00233.jpg 59 35 272 223
samples/00234.jpg 37 111 257 256
samples/00235.jpg 55 119 268 268
samples/00236.jpg 33 88 250 292
samples/00237.jpg 74 75 178 178
samples/00238.jpg 44 102 251 270
samples/00239.jpg 54 86 244 276
samples/00240.jpg 92 113 202 262
samples/00241.jpg 63 112 246 216
samples/00242.jpg 84 143 210 256
samples/00243.jpg 37 121 275 266
samples/00244.jpg 14 88 244 279
samples/00245.jpg 29 138 246 258
samples/00246.jpg 42 124 265 268
samples/00247.jpg 90 116 223 235
samples/00248.jpg 42 95 248 257
samples/00249.jpg 70 105 247 267
samples/00250.jpg 45 122 234 234
samples/00251.jpg 78 116 240 245
samples/00252.jpg 121 64 220 131
samples/00253.jpg 54 88 236 256
samples/00254.jpg 55 84 245 210
samples/00255.jpg 58 102 242 275
samples/00256.jpg 66 112 202 221
samples/00257.jpg 2 37 259 210
samples/00258.jpg 38 66 187 224
samples/00259.jpg 75 90 239 255
samples/00260.jpg 115 96 229 254
samples/00261.jpg 53 85 185 238
samples/00262.jpg 117 116 259 247
samples/00263.jpg 12 93 267 235
samples/00264.jpg 82 157 255 276
samples/00265.jpg 57 105 265 265
samples/00266.jpg 46 3 272 269
samples/00267.jpg 60 79 241 267
samples/00268.jpg 105 148 275 277
samples/00269.jpg 34 65 259 265
samples/00270.jpg 32 133 231 196
samples/00271.jpg 100 111 246 220
samples/00272.jpg 23 53 275 291
samples/00273.jpg 65 129 260 276
samples/00274.jpg 52 80 249 274
samples/00275.jpg 70 132 242 226
samples/00276.jpg 48 115 240 266
samples/00277.jpg 88 108 244 205
samples/00278.jpg 50 83 247 234
samples/00279.jpg 67 103 259 256
samples/00280.jpg 31 105 263 272
samples/00281.jpg 40 101 279 240
samples/00282.jpg 72 51 216 256
samples/00283.jpg 68 94 218 224
