0.879318792696
0.543992064975
0.339280188527
0.72741607348
0.857527136482
0.0
0.66750010518
0.654269194028
0.0
0.0589215836609
0.927363566141
0.480804670121
0.0
0.817646011207
0.0
0.696949433069
0.984658566628
0.928849949856
0.0
0.0
0.141660620229
0.207076148538
0.416598794096
0.307945215493
0.535651801022
0.714376915778
0.86805149807
0.786873487849
0.796753145242
0.298689544114
0.533852637065
0.609242924457
0.225432089757
0.190595485478
0.0
0.658377156619
0.0
0.69884444428
0.836885229282
0.641984209232
0.878865484307
0.0
0.568254382529
0.558070837232
0.506196591559
0.995425644892
0.707063405628
0.336689630697
0.153522605758
0.490948628868
0.629466374916
0.523867896335
0.382094339594
0.333487170278
0.854463212598
0.0
0.761040214794
0.822942503888
0.0
0.0
0.820874262879
0.623021225812
0.0
0.587946717187
0.0
0.0
0.737186289471
0.712889516155
0.887618391905
0.691723384392
0.260151630803
0.982699663018
0.513652673209
0.899713289963
0.311776546741
0.19496884554
0.301782227937
0.0503758670116
0.360199265551
0.764958621595
0.801345863793
0.856383487853
0.729564980393
0.336708639437
0.991208281347
0.046199012281
0.860778669394
0.977940003572
0.600646445415
0.78254109132
0.338827042833
0.0
0.856708943551
0.0
0.875046273133
0.0
0.916630775263
0.451179962413
0.216646684964
0.768112257783
0.740311949961
0.0702231822766
0.0
0.325742978782
0.407391796411
0.714702463009
0.924521822107
0.630084151198
0.714562333923
0.729277772271
0.483649218297
0.825088427675
0.0
0.0
0.393531789385
0.966243411015
0.293290886096
0.617814227368
0.82543289585
0.811036759749
0.440891973855
0.0
0.0
0.325171618024
0.0
0.685232382159
0.0
0.685575237158
0.988251968169
0.994441432637
0.875113370684
0.936121250499
0.33837126676
0.845084372525
0.0304285468693
0.789288356722
0.551995629212
0.0
0.52196946561
0.0
0.766816698798
0.159009152905
0.0
0.85737524506
0.284777294837
0.218162716814
0.0
0.527393493877
0.0
0.224770339269
0.619174651412
0.722840735292
0.259902392699
0.466411901697
0.0
0.0833634970822
0.0591365802839
0.75235064976
0.686383416848
0.766288861241
0.604025165049
0.666432022242
0.705222618392
0.802935801095
0.706285780727
0.777075211568
0.587041120989
0.80123954163
0.0
0.922262611996
0.773775778774
0.0
0.960723010022
0.644515621545
0.585822864285
0.201562515785
0.729962745669
0.790284839264
0.379973159317
0.426698344201
0.100043056803
0.0
0.817078721515
0.950217297858
0.0
0.548968757727
0.880866380518
0.20849814409
0.950675889026
0.0
0.0
0.688686986027
0.378907105069
0.476032782916
0.396642009238
0.150042978191
0.259107858084
0.533924842392
0.0
0.581394268132
0.390533927943
0.169274476062
0.426736052958
0.368383854643
0.729691456646
0.553233591276
0.0907007113489
0.547245890376
0.0
0.0
0.0
0.737899963173
0.866377078833
0.483529935242
0.799454870182
0.407715325645
0.423246262545
0.210712975527
0.847814408474
0.328806645876
0.629476586529
0.907700882943
0.730072324123
0.488065246046
0.0
0.721371458802
0.429237777272
0.931162027175
0.160644502126
0.86400150066
0.0
0.303505546098
0.0
0.288433693029
0.795288808568
0.510714018354
0.699135585278
0.813017296569
0.733946361561
0.973418338874
0.0
0.922492868408
0.0
0.0
0.863530426012
0.273660765773
0.329258078101
0.894099905866
0.433571603639
0.280176700915
0.0950846118766
0.0139300975619
0.0849147735232
0.0835698317692
0.577424645829
0.650621474726
0.0
0.24962528632
0.0
0.749558819278
0.897173433497
0.851904038446
0.334828887714
0.124690995399
0.477972766651
0.120945265245
0.780765943094
0.413780457777
0.0
0.338509620801
0.312332023839
0.264088582375
0.489871443652
0.640611563045
0.168218150562
0.717494197006
0.336237570932
0.0
0.680239813461
0.568909466685
0.909452619457
0.253427495907
0.657774754797
0.630435729874
0.605796060745
0.978409894552
0.973096009617
0.532979564746
0.342490635362
0.632655484342
0.460468393141
0.205288669623
0.869286600406
0.807914709216
0.886741561754
0.492865861338
0.686799010643
0.146460942252
0.924921498449
0.772115422123
0.0
0.0
0.0
0.0
0.0
0.429760419026
0.0
0.484683919016
0.0874590483753
0.0
0.519061375608
0.45022909553
0.624895270398
0.615442265146
0.798354237071
0.494166005288
0.580291451551
0.0
0.109914284911
0.00115483525904
0.0
0.496348763297
0.764668984424
0.0
0.0427640021974
0.0
0.0
0.271506361711
0.0
0.908454437465
0.0
0.960819495172
0.0
0.0
0.0296159022523
0.0
0.27655110368
0.0
0.0
0.0
0.585675203842
0.560148056231
0.568833275929
0.172975499078
0.603433853493
0.426520815253
0.33591778551
0.713739173101
0.0
0.124424649445
0.052905897317
0.851632019921
0.0
0.87740611354
0.764745977986
0.392910770221
0.366130842179
0.509067532667
0.712768070106
0.0523204979073
0.898531806211
0.780746250601
0.871960931133
0.365391132086
0.723451830278
0.381222650199
0.0
0.0273238704537
0.342477830283
0.773733555185
0.371085145508
0.677305096627
0.719829351214
0.176967474562
0.70064091997
0.0
0.262583599831
0.243147433263
0.0
0.0
0.0
0.538239319574
0.237998242808
0.0
0.955288962268
0.0
0.27852987195
0.389484973346
0.606339428048
0.201430508498
0.0
0.133744783006
0.0
0.0
0.772670784648
0.702927799154
0.0
0.962035390206
0.810103709557
0.439806778851
0.829634312075
0.0
0.785947713572
0.769872620694
0.609231421642
0.419842862397
0.0
0.638281754077
0.0
0.799609866077
0.0
0.543519370485
0.303230220056
0.0
0.615003403582
0.573613333576
0.151046449613
0.0
0.0
0.0
0.561555124145
0.37232214339
0.381136153602
0.0264377261935
0.0
0.274648130249
0.0
0.149137225166
0.596588332403
0.0
0.886781253559
0.0
0.208868894171
0.532547106107
0.0
0.0
0.0
0.0
0.0
0.868692202844
0.455613698023
0.32233828355
0.46832078896
0.756264704344
0.817181447474
0.0840817516501
0.0
0.216750445494
0.0
0.770351753603
0.0456158665923
0.0648723676571
0.219223337937
0.0
0.00564370927365
0.0
0.554641296814
0.0
0.0
0.0
0.328565713966
0.0
0.0
0.0
0.685118264892
0.0
0.741481371927
0.0608230840642
0.0
0.642432173537
0.252253361659
0.479827380475
0.890618432367
0.372064211294
0.0
0.0
0.0
0.937364426526
0.420576076781
0.340126219626
0.560179691375
0.0
0.641412756139
0.816401241433
0.621395924247
0.498642588575
0.481603975534
0.981945086911
0.0
0.521237532686
0.411194237302
0.191888235827
0.835263931608
0.730818099098
0.0
0.780418839416
0.0
0.0
0.828381664503
0.690721986241
0.281012523947
0.0
0.0784786609001
0.409496163696
0.468504878591
0.678107106708
0.554433594692
0.515118450165
0.0
0.0
0.0
0.0
0.0
0.210564937177
0.697227684981
0.989255690089
0.512454912273
0.764578730315
0.0
0.0
0.26717196121
0.474052855364
0.613847313514
0.087778117976
0.564786925859
0.383859549343
0.369659324431
0.419199449112
0.135881415741
0.172673464459
0.0
0.416958886116
0.658514741185
0.470762073896
0.614028045917
0.239016904065
0.0
0.591890520818
0.0
0.63007492056
0.00301122297854
0.832913634638
0.684271303816
0.47732641895
0.708137726164
0.0
0.0
0.746629989718
0.16550007328
0.0
0.0
0.897911025777
0.0
0.660665534806
0.0
0.478336205704
0.527272011482
0.451371450402
0.0
0.0
0.839581388187
0.792917334076
0.101241528789
0.657432986505
0.0
0.0
0.0
0.0
0.781538974531
0.0
0.0
0.371292755338
0.0
0.0
0.0
0.316669307641
0.575960292203
0.463074520317
0.00725878740889
0.484659951812
0.0576524925254
0.0
0.398684158605
0.455158046788
0.0
0.569027536154
0.29067675087
0.780164561269
0.0
0.542268061081
0.376192219497
0.642545938027
0.823927281866
0.0
0.0929518340202
0.301110616877
0.0135006585219
0.0
0.0
0.371502023179
0.606977861967
0.647741540728
0.673612920378
0.90180516223
0.906306318485
0.271775343742
0.0
0.0
0.438025992377
0.413072586594
0.32475289302
0.946672518419
0.970295142091
0.928226147924
0.455438314825
0.748318554556
0.487072129322
0.0
0.693051704906
0.414094835626
0.553832483461
0.0164062182601
0.45708436789
0.0
0.632261839435
0.464781404959
0.607142513837
0.713762950464
0.459654547534
0.565656940414
0.65635869602
0.957915204679
0.933606184922
0.0
0.0
0.771647885686
0.703632237886
0.199771288497
0.580379179534
0.609792980051
0.590962643062
0.282382343915
0.799122028311
0.729099695881
0.825543557519
0.387035774069
0.0
0.534399691046
0.466296300037
0.711703645498
0.0
0.242056142782
0.0936291346538
0.0
0.0
0.390193475169
0.0920910225253
0.0
0.0
0.426797670813
0.245623589356
0.386517197473
0.882831512343
0.68146249056
0.515552972808
0.751972065909
0.0978006974839
0.2611501424
0.267687928142
0.450967541873
0.465189692813
0.584814670823
0.820272083125
0.594613514
0.896440251981
0.20332847025
0.0
0.0
0.406579988249
0.0
0.0245751525762
0.17949196175
0.741026050302
0.970944944873
0.542855123326
0.934331628744
0.439105602817
0.417066557248
0.554461806252
0.0
0.667216825402
0.342873863203
0.96143327732
0.0
0.3695046893
0.98771321261
0.839113336473
0.822556752863
0.0
0.0
0.825010638172
0.871093832347
0.957370205686
0.740464250322
0.66480386924
0.534365917567
0.278955994329
0.925318414673
0.875715942147
0.0696097223975
0.230136035064
0.430181757508
0.137463942844
0.485993185728
0.110604325402
0.0
0.0
0.697451106058
0.0
0.0
0.642981410518
0.747831082142
0.47902823144
0.877894558831
0.769644728047
0.756347912109
0.700097179496
0.852257920218
0.569717942193
0.974295579526
0.699551848545
0.801308003679
0.551581036458
0.091567536907
0.954792959755
0.984251581739
0.0
0.743834716036
0.711486987309
0.0
0.563289873176
0.768614213022
0.835052535094
0.758763802421
0.00426187600172
0.121263865466
0.00903960232786
0.0
0.174190318737
0.272367215113
0.766164053872
0.33647789117
0.859674151573
0.98138174213
0.965996190803
0.853406773461
0.307639269939
0.257075948774
0.875179523007
0.802458266944
0.526585950492
0.968748703677
0.530280043101
0.117767800703
0.687718065551
0.6266866195
0.0
0.0
0.935765107274
0.0
0.443738281213
0.60427529349
0.879874170835
0.363594280126
0.453994648193
0.669805831552
0.948340727433
0.169948077783
0.579166260538
0.179615256238
0.720707182935
0.898104367337
0.930589504009
0.957528364643
0.061133911147
0.88004547437
0.0710522336049
0.632811654446
0.0
0.619332222686
0.970210922065
0.921810605603
0.466433978895
0.974930509642
0.0
0.0
0.151335047187
0.606524920502
0.407308678056
0.221083917115
0.300863866667
0.339554617918
0.673179188961
0.841772618822
0.0741541150719
0.189617192029
0.924890029603
0.0
0.378783565059
0.207398218005
0.283239274374
0.0
0.591820193106
0.0
0.592277930461
0.486692343757
0.80805618279
0.619969205558
0.195093373819
0.431131052309
0.365060306171
0.864411291668
0.938615920201
0.784418511784
0.710317608539
0.61758303074
0.0
0.438544404944
0.464232704096
0.181946259701
0.865771470619
0.0
0.794801620638
0.651685329031
0.0
0.687911809374
0.851825133148
0.0983512188098
0.536004143895
0.347619902681
0.0
0.843601440567
0.0
0.220717389985
0.467964515373
0.561625399653
0.0
0.235187984515
0.229169417202
0.217816489976
0.0
0.0
0.0703689851617
0.0836785486264
0.51659088001
0.625125309946
0.312249080438
0.51888189212
0.612203118867
0.422473528547
0.936439348523
0.799622335705
0.675265539055
0.0
0.54897455431
0.71341638312
0.375835801088
0.648749165642
0.179117367803
0.738535883473
0.229414135582
0.534608775925
0.471642470221
0.967022806767
0.497468038351
0.379970405623
0.945813852988
0.728770055907
0.0
0.646339761376
0.611047045851
0.0
0.0
0.806737337719
0.375929634881
0.31932894142
0.0
0.0
0.377479222749
0.0
0.587614987415
0.86144481301
0.241465676742
0.0
0.604539381092
0.755013259054
0.782411545598
0.908640136631
0.665753763184
0.0
0.332310713972
0.628604072913
0.282397478565
0.109858699781
0.0
0.695334195303
0.675373492571
0.41614622703
0.388371426526
0.0
0.162044842456
0.0
0.31789739433
0.0
0.267031265983
0.572627752056
0.179714399852
0.0
0.0737251916514
0.0
0.0
0.986648373595
0.0
0.366425799787
0.0
0.454392942745
0.220039214099
0.0
0.0783256162905
0.114520538856
0.986298073193
0.0
0.0
0.0846122577387
0.0
0.517975576115
0.0431522346468
0.427667583588
0.56947640661
0.0
0.0
0.774460527764
0.546854846036
0.983273011922
0.0
0.0
0.0
0.288282161932
0.272691957506
0.324835053447
0.293950977319
0.0
0.0
0.0
0.0
0.0
0.0
0.0
0.321534348644
0.346236464511
0.360153434385
0.345741282151
0.0
0.0
0.558439673512
0.0
0.33797929696
0.0
0.454460147112
0.69107535974
0.711322766013
0.0
0.0
0.0
0.325076116118
0.0519217275
0.0328188860361
0.353491073995
0.562032790359
0.614313786693
0.0855252711061
0.0
0.675569774129
0.0
0.321567650232
0.267600889009
0.0
0.811844736014
0.388209387615
0.632834986383
0.121542890116
0.300140211978
0.441509850114
0.0
0.318894525367
0.0
0.486521512808
0.86439331691
0.0
0.229763718134
0.518536893094
0.0
0.942580019404
0.891966152887
0.488186226433
0.0990351063644
0.589297063815
0.517600034562
0.0
0.0
0.438391424326
0.860637562102
0.0
0.348927900981
0.0
0.701870645488
0.0
0.333590734372
0.0538172322712
0.232339626532
0.0
0.754109102936
0.880154489774
0.6464236635
0.585479626765
0.492067444242
0.352985188334
0.0
0.0
0.0993444208459
0.214193773061
0.0
0.452334368389
0.810559684454
0.0394114934625
0.0
0.0
0.525227112683
0.0
0.351532786191
0.0
0.698258354777
0.856554294267
0.0869574228511
0.923256149161
0.559169622258
0.171655780958
0.156576769323
0.0620656715604
0.0655304028465
0.0
0.416696307878
0.839875592609
0.0
0.774983405529
0.610029148997
0.310581678048
0.333456030697
0.910150645523
0.024852118983
0.362962178093
0.241215329552
0.0
0.981327755675
0.471187977792
0.601877032478
0.173163008379
0.0
0.498765899699
0.875953184872
0.0
0.282629453215
0.0
0.346351156489
0.131282830985
0.528887645133
0.0
0.668266691133
0.0
0.444362685084
0.227379359889
0.615849536665
0.912283569135
0.0
0.385770403958
0.312203878496
0.726144601834
0.691521496987
0.0
0.0
0.122578733833
0.00852186719493
0.355713217223
0.0
0.772712052331
0.0
0.667931675869
0.729562376253
0.799223992217
0.0
0.534590281894
0.0
0.318118114137
0.448654059918
0.0
0.0
0.237536295072
0.0
0.810540070854
0.0
0.513553832688
0.587806015476
0.0
0.143141958736
0.517469261041
0.721624038906
0.0
0.0
0.748115126812
0.655016244685
0.448159753561
0.084146884029
0.639988085113
0.0
0.159443469539
0.0
0.331855392983
0.976247038517
0.0
0.270310938872
0.49128395927
0.0
0.422571475179
0.948027540469
0.598426214285
0.463622596794
0.477921647122
0.491844326051
0.0
0.946405026055
0.0
0.0
0.834317432053
0.0
0.381643022764
0.0
0.308633542496
0.178000880794
0.0
0.104821154499
0.399940672416
0.729625540979
0.138066713937
0.72073995452
0.0
0.0
0.599466106396
0.0
0.0
0.365490487247
0.0
0.0
0.282421837538
0.0332350995828
0.638574003141
0.0
0.0
0.015818038357
0.124972857238
0.0
0.0
0.476333069536
0.0
0.262107750991
0.701179237561
0.348443067859
0.682218858517
0.818583389057
0.445241063398
0.0
0.257743498675
0.0
0.124771713296
0.0
0.776951205934
0.692361748158
0.163238061119
0.0
0.0
0.0
0.904454443195
0.0
0.954760699216
0.0
0.163027080209
0.501959649734
0.578131768027
0.0
0.932349242905
0.0
0.0
0.496823668246
0.16246950719
0.0
0.428195511151
0.586718474231
0.525965990757
0.692323067059
0.0
0.914597129967
0.826534265528
0.837569673285
0.0145867230249
0.923025204938
0.686408554662
0.301333279748
0.10581698791
0.107274773188
0.862695327758
0.60514529588
0.965297651818
0.712231397305
0.734295387942
0.201376656866
0.90764026302
0.010513271038
0.109499542381
0.80177798026
0.557391456414
0.859438886782
0.270489104826
0.73014347767
0.802452663762
0.192682798457
0.278446809163
0.795422345588
0.954131717666
0.942346123689
0.812823378859
0.589051514823
0.779720645373
0.933026748714
0.713623651725
0.964751402904
0.876400911279
0.385759121606
0.0598441274247
0.737559506306
0.923966168713
0.610281237559
0.0
0.0
0.77378775423
0.825154996758
0.899729644781
0.914547028029
0.446750598601
0.700581128337
0.694713099238
0.258713145585
0.569947171195
0.920276294178
0.82875715609
0.239412109376
0.720415399419
0.86601877263
0.0
0.0
0.607461129439
0.885306266688
0.303158461859
0.567033308612
0.87005213375
0.0
0.0
0.0
0.818963875323
0.120293866062
0.0
0.285187871623
0.0680692096755
0.783400570727
0.220176427904
0.610284869809
0.431843239309
0.577728085903
0.0182673870463
0.0
0.172441158493
0.59165300481
0.692684638548
0.973653864193
0.744460848273
0.924675941788
0.898923083667
0.0
0.890014635089
0.563505744961
0.615727028139
0.534750451841
0.453499219117
0.876836629795
0.990979569504
0.189186192406
0.504806795333
0.803248294159
0.854409335285
0.0627297786919
0.516968785262
0.402545999897
0.821907067714
0.775083249445
0.934891486938
0.9809998549
0.817077939666
0.445280140493
0.168437100507
0.352711003012
0.442200358651
0.700245387703
0.329037867579
0.46987588669
0.0
0.697872936413
0.700460834477
0.0
0.584875619184
0.365947135799
0.266499194205
0.687733710039
0.458302699956
0.680503080055
0.808915532132
0.0
0.826310467768
0.445072675264
0.0
0.609444751998
0.796738522629
0.926592487903
0.0
0.0771029120033
0.279953827587
0.539404107469
0.0
0.523995573792
0.640969169173
0.980843982853
0.794771922135
0.853887090346
0.0
0.947338055714
0.634260989063
0.0
0.0
0.905776535475
0.742909216432
0.612099576384
0.497497464685
0.0
0.103612228372
0.750728512285
0.493208910461
0.832638966225
0.940890041752
0.579600583459
0.657559557723
0.629367859913
0.418515670756
0.542734116132
0.773872569943
0.0
0.654445456673
0.0
0.666125134972
0.0
0.949656964324
0.830407141881
0.588143060132
0.29923577421
0.0541585412264
0.0
0.2836344599
0.852290620227
0.873007260399
0.827914585759
0.84224331361
0.677223991115
0.17465133164
0.0
0.775026256497
0.539821831875
0.602125740396
0.422902499084
0.934739371593
0.737186778293
0.942578209344
0.901945984253
0.582120664087
0.517019485382
0.353734990857
0.198099891101
0.229132778441
0.764144716322
0.565161458671
0.725523541667
0.288338056431
0.223790942086
0.122189292197
0.511826999831
0.0
0.0
0.979456173602
0.332425525917
0.777032259783
0.563672246475
0.404929016229
0.892042193829
0.0
0.0
0.878755273136
0.960737181284
0.0
0.649186345205
0.0
0.587421343823
0.340868084024
0.65675573717
0.782890064824
0.731317604258
0.0
0.0
0.774304032817
0.0
0.0415511015049
0.586323643461
0.751511616949
0.0
0.0
0.740954065814
0.0765074554792
0.247217976848
0.076233862894
0.0
0.625755025076
0.857649162605
0.728268421393
0.0
0.0
0.835885548729
0.474425346869
0.988691502601
0.656559768819
0.47317915238
0.0
0.0
0.0
0.759945915596
0.461870042998
0.972382260703
0.777883623898
0.851264128037
0.0
0.347775588736
0.672821878307
0.0
0.760598826673
0.0
0.414072511011
0.954690641638
0.835178345251
0.985449764909
0.372979015257
0.206245960252
0.696873350546
0.473672217157
0.0915883090047
0.0
0.184609685366
0.111040603923
0.0541689904034
0.796147340546
0.0
0.988444511376
0.994695359545
0.989266610498
0.224702052618
0.125254181664
0.122082077425
0.749880796238
0.820610974447
0.7876565612
0.719922397995
0.681606751356
0.741101561403
0.542515447748
0.57871297156
0.739118514004
0.0
0.761680874519
0.387440246278
0.0
0.0959150731018
0.0
0.470754792582
0.717628989765
0.0
0.909641910499
0.579760595482
0.0
0.930734249749
0.0
0.0663316148344
0.708530216467
0.476927933216
0.902613286224
0.87532024531
0.0
0.22557639372
0.24695260677
0.0549362176323
0.200215886201
0.0
0.0
0.0
0.147560161565
0.458396372887
0.396067712838
0.364045231372
0.536293824965
0.0
0.198142021732
0.434492657283
0.252786923856
0.0
0.351010221508
0.0
0.868611785771
0.609678233022
0.0
0.48654823694
0.446229432188
0.0
0.101038755485
0.882784003577
0.573276751391
0.786219967848
0.557442813066
0.308530946563
0.512530228647
0.0316060827632
0.476222907166
0.0
0.614161865875
0.141396003682
0.218977440259
0.299159844874
0.443059173753
0.630446537747
0.131763251123
0.177147443898
0.10047984379
0.0966352646933
0.110721810914
0.0
0.602644129657
0.0
0.758557071871
0.142117692177
0.25792818364
0.000935230930034
0.375095187449
0.0
0.896802152472
0.0
0.937924261823
0.337119373476
0.538636625776
0.00850247794354
0.0
0.0
0.14976302455
0.349865586161
0.0
0.81539584072
0.93862005182
0.718808329347
0.776981714214
0.453399594119
0.0
0.764246611262
0.406519127079
0.396466440314
0.348756013366
0.372096552748
0.423106276411
0.143456715428
0.514886873017
0.317391392102
0.0
0.794571344188
0.718460300741
0.518103509409
0.0
0.0750029445358
0.0
0.900606473302
0.822916380356
0.753628040405
0.643945445724
0.0
0.17975187804
0.0
0.518910418278
0.515793129965
0.0
0.892511397561
0.0
0.812891597824
0.223637342729
0.0
0.0211622995391
0.0
0.738939546383
0.0
0.626551084383
0.263208748306
0.190433700007
0.468097555097
0.0
0.487351661065
0.0
0.981162706512
0.0
0.425043591389
0.340162524441
0.0268162970891
0.710365542781
0.0
0.771160207115
0.806791161326
0.789185532527
0.0
0.0
0.163998633242
0.19887465798
0.38648363638
0.0
0.89801653109
0.770565494098
0.0361189609044
0.211643591135
0.0
0.52438968719
0.794460521561
0.528572956206
0.0
0.262728500072
0.0
0.0
0.131239299284
0.701220439451
0.788299582853
0.677565520692
0.537380605578
0.253071240374
0.253939929018
0.227338848333
0.0
0.518365800632
0.598579740913
0.440690002566
0.0
0.0
0.161131383481
0.785296414796
0.741326218923
0.0
0.625002058674
0.0
0.318514552884
0.607992741467
0.824785549846
0.0
0.164043368979
0.0
0.0
0.20287232975
0.0
0.0
0.0
0.486965360686
0.0
0.0
0.0234479912975
0.836793426312
0.145768981991
0.0
0.0
0.870057492946
0.524256408476
0.756470945384
0.0
0.197301441324
0.308320507359
0.564955365331
0.621922413226
0.267015839269
0.808897188636
0.391893844304
0.703707143615
0.623664246381
0.59394079302
0.727958794273
0.0
0.734826768802
0.0
0.176036034775
0.0734487589134
0.15234063941
0.392582191459
0.871800584246
0.0
0.480201416079
0.441626180692
0.143822450141
0.34603280351
0.0
0.871616106517
0.404706222206
0.0239251277329
0.612197091504
0.275926945329
0.0
0.180357104696
0.344612587416
0.565852688323
0.209937293511
0.0265426597689
0.657539444977
0.56016353575
0.92102660312
0.0
0.646723814027
0.0
0.0
0.0
0.153856873219
0.0
0.554709354296
0.56999011048
0.0
0.237900684706
0.0
0.0
0.416320959577
0.0
0.0
0.0
0.431322977108
0.0
0.0
0.884711969961
0.672102038862
0.0
0.0
0.0722655913495
0.698543885053
0.676170367421
0.857126553131
0.637255639398
0.456364428045
0.692065506979
0.741613278324
0.566519360149
0.0
0.665957415079
0.0
0.0
0.157105105747
0.744553992523
0.0146883013978
0.0
0.244284489442
0.942528829472
0.0
0.0
0.0458841083994
0.0
0.268814433271
0.848759724501
0.248774157461
0.592640668896
0.0
0.0
0.747701312071
0.0
0.485274027824
0.0832111544202
0.597368434122
0.648149213624
0.776163556354
0.890334489634
0.817276936873
0.48791177257
0.791612897644
0.0789195797579
0.111672851103
0.299702154495
0.754647520974
0.640568529582
0.843684368718
0.316154592872
0.275914554434
0.923035060157
0.837833995066
0.892908025455
0.0
0.686586795667
0.0405642503618
0.145958164278
0.0
0.549816786031
0.506459863516
0.780082317314
0.733556452644
0.956119472854
0.0
0.0190531842645
0.727101746751
0.623067934215
0.0
0.811483340118
0.0524193182781
0.428579706296
0.796067741308
0.904116980638
0.719449298274
0.0
0.734366250372
0.679106697375
0.993354399598
0.0
0.804405869065
0.0
0.7266708538
0.144465816888
0.969194813002
0.611668737758
0.0
0.72737219601
0.634614967796
0.949198441065
0.69959908385
0.81389645871
0.599290524031
0.468284520671
0.107501279061
0.841725737029
0.0434077974887
0.965166514482
0.833931373434
0.846522743654
0.218823034693
0.0
0.464749815076
0.714364285064
0.907653541962
0.875062352741
0.839054144486
0.962669450142
0.911445961125
0.292925837024
0.0
0.940246848242
0.0
0.940563270361
0.735144157779
0.642365123693
0.675335040924
0.0732207185895
0.129876310849
0.0462413362462
0.157707971312
0.0
0.0
0.539066967326
0.11292415482
0.75538684042
0.98527981375
0.834198362024
0.386174720876
0.363634977414
0.997986160051
0.0
0.937760336755
0.596206576327
0.111252018078
0.185262546206
0.214640847231
0.559681589685
0.856521346818
0.791503885905
0.126453834149
0.581401669928
0.818455592249
0.0
0.138497661426
0.184527141833
0.752926946349
0.816500122463
0.770583257293
0.757403924382
0.884514285312
0.599845906439
0.724361091847
0.960815464673
0.497995554111
0.0138042549175
0.869598472096
0.0
0.738698333178
0.247281692632
0.11226364101
0.40562092504
0.253878150646
0.882734915691
0.349149675352
0.845287098563
0.568677294532
0.628078169516
0.426839359887
0.340106639665
0.853026982395
0.835878006634
0.445267812329
0.80642827839
0.98028322313
0.917569861311
0.0167671459787
0.41825789609
0.880546194814
0.363339164882
0.281041594296
0.353285847779
0.873996059157
0.0965226600331
0.0
0.987221212087
0.263431965767
0.0248764774981
0.0
0.61091609644
0.0
0.654408725959
0.481481971641
0.846935376852
0.679593785813
0.0
0.0
0.890800474692
0.484640194865
0.0928567840314
0.45232123738
0.962398257234
0.0
0.495670641292
0.843844794359
0.0358909764869
0.34860011728
0.449141350873
0.227668729636
0.924340962939
0.436677988223
0.0
0.436696648825
0.0
0.222508825132
0.0
0.0
0.0
0.841780551935
0.908747463064
0.815908006863
0.723185683287
0.218311201505
0.885559758888
0.0601499317965
0.0
0.0
0.379345069021
0.0
0.819707060555
0.192587980204
0.0
0.763868778541
0.899139670298
0.0
0.0
0.848240478528
0.734440310463
0.877934266428
0.874536384762
0.858410006173
0.533528211898
0.796947687887
0.925987687053
0.816961342422
0.13645813794
0.0787087572653
0.29640213726
0.331007724668
0.397745374135
0.66366161566
0.936958047157
0.776413562731
0.0671706210136
0.56159986625
0.866817718757
0.791190358822
0.0
0.22385499675
0.572765352704
0.715774825422
0.37615878052
0.0
0.923479361543
0.0
0.468671817287
0.907928251249
0.590214600695
0.21981626154
0.867550807965
0.0
0.246544804742
0.599811495463
0.222610584471
0.685177517842
0.0
0.330778671742
0.0
0.0
0.810044569898
0.0
0.0805945657192
0.507977636337
0.887911848082
0.586781761494
0.469755246959
0.116641862614
0.0
0.0
0.947294816248
0.414284205249
0.624855991169
0.4238399506
0.0
0.425789111867
0.415229109308
0.0871483021906
0.894476010479
0.0
0.234974508762
0.263211418669
0.0
0.0
0.0212502598157
0.757553551612
0.704773245795
0.981762997932
0.914238248929
0.80559583025
0.0
0.776321490745
0.909261712606
0.331396766415
0.290900516162
0.0
0.603420191685
0.0
0.0
0.522882046224
0.303150756566
0.818624636871
0.804732867684
0.57497965064
0.848956364843
0.897985058248
0.184073738251
0.0
0.0
0.174635646304
0.586393659865
0.637303335345
0.0
0.0
0.947162712906
0.807244387387
0.808740293755
0.295832345447
0.0825517150875
0.0
0.274838282755
0.836031539313
0.559800625857
0.208725624622
0.0
0.454012244781
0.642862662957
0.376224164416
0.0
0.0
0.0
0.00867160560362
0.0844335157593
0.928864510616
0.794455147538
0.519657477345
0.349915696208
0.0
0.0
0.283935490549
0.138125347701
0.0
0.0
0.937167315051
0.442947203397
0.0
0.101772658621
0.505356208099
0.0
0.104333539437
0.520575546079
0.76098448874
0.379564935607
0.736325101206
0.870211857063
0.401051020198
0.0
0.0
0.324863025118
0.868202706871
0.0
0.0
0.662837653528
0.165309582665
0.0
0.491126478657
0.0
0.56232681015
0.359399594624
0.0
0.0
0.93123223979
0.041386228182
0.608791757791
0.690138898442
0.0
0.0
0.519500491877
0.512707510503
0.0
0.180246597176
0.495460514942
0.735592944819
0.525778198339
0.740472900264
0.39756472403
0.0
0.251944078011
0.0
0.290992123132
0.129631139297
0.474616198092
0.0
0.0
0.0
0.0
0.855819198132
0.0
0.0741980472041
0.0
0.0
0.00389432595779
0.901566239557
0.781653711307
0.911589891718
0.203692332561
0.0
0.0
0.3511506013
0.371358074893
0.389411557272
0.0
0.0
0.685154939906
0.799517395409
0.0
0.0
0.0
0.605357714955
0.907755876619
0.0
0.219808486556
0.846252533637
0.536833770518
0.693029487395
0.586438364151
0.0
0.0
0.0
0.582785575264
0.570412895031
0.727693918791
0.595151564864
0.0
0.475947751378
0.0
0.0
0.653906214485
0.224255708776
0.384263152281
0.00390220949334
0.0
0.0
0.0
0.436997894077
0.113171307876
0.852769508439
0.0
0.23744283573
0.286568820838
0.0
0.319673841856
0.479299545742
0.394467874357
0.268262317446
0.323819697754
0.402527392258
0.261622780116
0.87958391487
0.861363962363
0.449039986511
0.32736270558
0.101326706492
0.0772382501711
0.0396127238786
0.791760686777
0.0
0.68647869942
0.0
0.0
0.341265422555
0.115697827303
0.0
0.865787199692
0.435238796985
0.761447690899
0.0
0.114703333801
0.0
0.571016449316
0.330193527063
0.512373930663
0.419052507483
0.0
0.097791968269
0.0
0.0
0.0
0.1881514832
0.55835160794
0.43376030137
0.268938434856
0.0
0.58017582032
0.130102284358
0.478858950399
0.0
0.0
0.10681303108
0.0
0.330754723735
0.506177684818
0.0
0.0
0.0692823965371
0.125693389708
0.340956649427
0.0
0.062194801701
0.0
0.436668033215
0.0
0.30340975766
0.627680598389
0.167799283135
0.311612764611
0.516799277547
0.481689068184
0.0
0.443543606305
0.0
0.377647874917
0.0
0.0
0.294998986484
0.399626033298
0.710075988274
0.819802069211
0.153313002732
0.569976123558
0.0
0.812741791559
0.318984615787
0.0
0.0
0.0
0.828648575371
0.734923493327
0.624833360239
0.0
0.325652440568
0.849690999737
0.0
0.641481572203
0.0
0.0
0.0
0.0
0.0315053046455
0.619536743844
0.899540529127
0.0
0.344186609369
0.900738849046
0.0
0.734823517264
0.41955021759
0.0
0.0219639443086
0.361798899741
0.0
0.765817240714
0.933405558796
0.549852565525
0.678301797458
0.0
0.783051246448
0.0
0.918265283683
0.515190063624
0.804349348127
0.174835460151
0.0
0.223822283319
0.203196924337
0.00632247720181
0.0304467681311
0.5699267868
0.0896382729017
0.832456932151
0.0
0.0
0.0
0.239720464396
0.138446738232
0.022678448831
0.904242992439
0.0
0.0
0.210848021304
0.0
0.310585523163
0.0
0.0
0.00589906365239
0.677091974377
0.0
0.0
0.0
0.269624572875
0.235148030485
0.0
0.374995590157
0.687360633286
0.789995905117
0.0
0.744045133626
0.771926806134
0.0
0.129009139172
0.0
0.280707273969
0.883172416257
0.0
0.0
0.0
0.0
0.553215384996
0.908070349038
0.842550401646
0.0
0.591488465196
0.415233893024
0.27893299613
0.463464844242
0.676942674204
0.80376299938
0.556931709373
0.447519819097
0.727491859843
0.0676416106025
0.824962955232
0.0
0.919031249744
0.0
0.0
0.315279587743
0.918494072181
0.22962409523
0.221797407475
0.317717529076
0.00759591305544
0.0
0.63813623356
0.583253554153
0.646063088125
0.971002087807
0.392135699435
0.900569008406
0.882426294476
0.0
0.00801986046759
0.746360891532
0.458893870614
0.701491751102
0.0
0.0
0.470297112964
0.573055267822
0.0
0.319601963502
0.872168397299
0.0
0.0
0.350448922514
0.346378048352
0.636619268743
0.0
0.848315995372
0.6485166317
0.909234531008
0.679600542105
0.0
0.402422294322
0.203284271484
0.530734767051
0.861949976261
0.872590737457
0.460732022997
0.0
0.160313732975
0.305930082713
0.0
0.426076308311
0.965868724247
0.0
0.736269812835
0.925911931404
0.573904471
0.687756607051
0.801206968918
0.390463847732
0.809046117448
0.180683825355
0.804083876723
0.381934025279
0.420961277286
0.091270676443
0.0
0.227450269702
0.894929131292
0.116534577975
0.0
0.0
0.857082572031
0.918936075894
0.929819258676
0.434487313257
0.0
0.0
0.0
0.0493604801805
0.229739873649
0.444780799167
0.891555036711
0.734857997604
0.0
0.26536711084
0.783966593368
0.868331304559
0.912551084336
0.903774824968
0.0
0.0
0.943158432994
0.0
0.0
0.966016285989
0.700490792697
0.0267828731321
0.0
0.442596704692
0.878099579064
0.666989261973
0.253255246774
0.755896315615
0.3791770073
0.336579744602
0.556853719224
0.0
0.0
0.957394607006
0.724534695616
0.641549102234
0.445812422297
0.0
0.545951595933
0.841317357066
0.446575612995
0.528198865212
0.536354883914
0.0
0.883669742199
0.573578998555
0.902830496911
0.973888193449
0.103275317823
0.0
0.487925902124
0.31090715145
0.218012869236
0.0
0.217298351757
0.0
0.490132454774
0.231395663016
0.858069253872
0.934353202578
0.451741406916
0.0
0.726691040407
0.636611945745
0.612089747767
0.10329372041
0.0617292431399
0.0
0.0
0.153399292973
0.240624391703
0.692921263497
0.50232696075
0.961566197777
0.0
0.452919573754
0.956767144798
0.598754270825
0.862157916928
0.759770130957
0.570436654654
0.561525547434
0.196854724187
0.0
0.659720822961
0.909193584639
0.919189238136
0.859517302638
0.8456372106
0.956405777484
0.432039391329
0.183327079238
0.578049048039
0.578349346755
0.935494147991
0.793951074666
0.493221714987
0.840362073109
0.346464426239
0.305262853664
0.731615019351
0.303077729421
0.551060528453
0.225654701974
0.352771558648
0.901265251458
0.0
0.0251225411922
0.308910961151
0.122620021991
0.17922939843
0.109165697893
0.948172139495
0.624973420764
0.287919353163
0.91340749053
0.195671545984
0.612327864888
0.690104054278
0.633060904319
0.330391659463
0.0
0.0
0.529692370908
0.600988704478
0.0
0.206712566504
0.994138083909
0.851648441019
0.218087897455
0.833558545351
0.562625838709
0.666731614976
0.814107813453
0.225351595009
0.655294371901
0.948691836413
0.469869696068
0.0
0.788635699039
0.602743444463
0.843051741542
0.823471367199
0.720820638783
0.757888611018
0.703917134293
0.836414746096
0.694971831157
0.234331142392
0.63987460114
0.0221069682211
0.559657578769
0.908385279711
0.742324646464
0.315515636024
0.271662823846
0.208275331405
0.55412186974
0.532149038861
0.0
0.061393229867
0.712762655368
0.544775882395
0.0817119018926
0.692195085946
0.814470635737
0.0
0.0577174701262
0.488652715055
0.0839008565852
0.163358470111
0.0
0.392909674174
0.413966096169
0.564047351097
0.57629895109
0.455353829117
0.345447310849
0.625322382693
0.638575661455
0.0
0.0
0.0
0.0
0.326547516687
0.290551834499
0.0
0.113417176233
0.0
0.879359856856
0.54528501917
0.0
0.869193024888
0.147123644815
0.338844657882
0.0546126048692
0.94166224203
0.963908322942
0.571046834272
0.978553988021
0.671543968236
0.610468655499
0.0
0.640127397295
0.0486928290898
0.0
0.39580739587
0.834359247319
0.0
0.900948752811
0.0
0.0
0.0
0.159069035766
0.732862726846
0.0
0.41510940981
0.0
0.819177591083
0.0
0.0
0.302271194163
0.391479318845
0.0
0.926438111428
0.179353722506
0.875883983652
0.797016026897
0.0
0.983940897233
0.711976697249
0.0
0.0
0.0
0.15058135864
0.0452654713609
0.0
0.0439184841057
0.590533905404
0.394604627173
0.0
0.0
0.234113131452
0.0
0.236017858209
0.678680336524
0.752580865256
0.566914765524
0.329765841169
0.493559139434
0.502235066055
0.480609517459
0.0
0.0
0.0
0.259462042848
0.306177650819
0.0
0.0
0.0
0.248744116741
0.0499847835457
0.437821441081
0.738000891962
0.570473048169
0.355757424571
0.162517525181
0.68694443377
0.316151846623
0.650840102613
0.762593902726
0.0
0.672413590586
0.0
0.0
0.0
0.0
0.0
0.881485531666
0.0
0.599148744598
0.00783367297059
0.322872942076
0.0
0.677030507321
0.0
0.253666514601
0.0
0.0
0.574848640953
0.702630870238
0.487426727971
0.632865699118
0.190737720398
0.0
0.616604204485
0.0
0.0589507612635
0.294929370289
0.0
0.0
0.89914526577
0.0
0.0
0.621443842552
0.0
0.0
0.0
0.0
0.0
0.0187106198976
0.496431981938
0.530382202325
0.135903152484
0.179927127344
0.0
0.792850731036
0.679711877266
0.254715334554
0.624514383538
0.0
0.44205455266
0.516136289694
0.511817673858
0.45938654416
0.349623913689
0.779462663182
0.695096234781
0.914083752501
0.0
0.211569550483
0.0
0.0
0.0
0.699872312064
0.581831720587
0.592778962918
0.38444021973
0.466547524407
0.411389359175
0.934949914592
0.0
0.0
0.0
0.0
0.0
0.0939579577909
0.816075817888
0.120718992912
0.867750516068
0.0
0.589634169774
0.0
0.0
0.0
0.512393740349
0.425664014966
0.498716405962
0.491939629647
0.210180354372
0.799851456676
0.529278024712
0.108557194719
0.934694181105
0.329177142812
0.772734367924
0.0
0.0
0.401691248412
0.214368207364
0.226133387283
0.0
0.615830300755
0.611095733207
0.407797580822
0.386942875931
0.866695406719
0.360953853126
0.274338598809
0.0
0.0
0.0321338428839
0.0
0.993271605128
0.180729281742
0.441644931934
0.795234376618
0.594147935884
0.885370745428
0.0
0.0
0.0653890901254
0.44808104324
0.381542472576
0.58442576501
0.52259868597
0.490818893968
0.0
0.271158955999
0.772289779918
0.183155351663
0.227216307435
0.923112523713
0.340290786705
0.813617317638
0.0
0.618497679493
0.498827794477
0.808402788837
0.892441352897
0.711610567554
0.0
0.644103871244
0.0
0.825934349361
0.686564442959
0.498929316906
0.909171410531
0.457215217782
0.129974761347
0.737289033496
0.684722853584
0.348555742238
0.0
0.0
0.0
0.0
0.483007139017
0.640661565457
0.953580484622
0.0
0.699992235785
0.704849823477
0.0
0.617272251814
0.144250029641
0.49180551754
0.0
0.786904983964
0.624636349807
0.5420458896
0.578348666539
0.583589054446
0.0
0.522698405459
0.0
0.582053705976
0.070992774329
0.573848996913
0.0
0.0
0.0
0.72632087826
0.570121245201
0.61908726032
0.679287502332
0.57341571413
0.0
0.0
0.0
0.0
0.0
0.172877534457
0.0
0.0
0.318191477354
0.439602381075
0.16312471656
0.526304272549
0.0
0.288231090037
0.0
0.981341851564
0.548328844799
0.0
0.0
0.794483685925
0.587042212621
0.0
0.707515146923
0.0
0.0207253290111
0.429003953762
0.782656030049
0.654422684601
0.592728237312
0.0
0.530720005318
0.533229882783
0.656911502513
0.0
0.783753357566
0.624538222362
0.0
0.744091439359
0.62901632072
0.0
0.457623508801
0.432790269247
0.107073873437
0.164773639269
0.826038366047
0.0
0.0
0.28463038329
0.0
0.234081741973
0.0
0.637363301574
0.431904729593
0.698484718703
0.75940983364
0.594516023312
0.0
0.189971808806
0.7106956585
0.497546391759
0.823557350107
0.967727681449
0.629034837367
0.0
0.145470881842
0.276577247851
0.0
0.822622224598
0.76608890761
0.580086651575
0.92441486161
0.767608809906
0.970475605865
0.218705341875
0.430787675742
0.66939334441
0.177268793315
0.701256075108
0.24832931676
0.432125713532
0.39995098797
0.0
0.76513870559
0.1491168116
0.259814577582
0.58692961027
0.0
0.411469807081
0.0
0.660382948347
0.200810831127
0.350495271955
0.955645873151
0.782693476324
0.223218523291
0.893785764694
0.001541874513
0.0
0.523475925456
0.141454721102
0.181784031825
0.17275664378
0.878412585868
0.617362537123
0.800638475394
0.111870021607
0.762221477559
0.76392410121
0.895126813423
0.277342228847
0.0309276553177
0.184023550525
0.170131789068
0.685353315451
0.197603889893
0.0
0.0
0.0
0.0526055741907
0.68155643775
0.31001060138
0.85622719113
0.529674448672
0.181030304282
0.491312108349
0.0
0.793851320972
0.405897970993
0.792445590379
0.784629471292
0.657025465777
0.946093074866
0.989389613362
0.99330079475
0.0
0.0
0.047499159375
0.655339312435
0.277862856704
0.643342120966
0.77496675494
0.788645191031
0.709373482097
0.828206533183
0.961855987876
0.900197642829
0.932233785095
0.746160886578
0.675474184505
0.204639732893
0.312680979182
0.728965323287
0.289737698954
0.636854566278
0.258124554356
0.0
0.651834187476
0.085165308061
0.0562171976516
0.521797647789
0.0
0.00250718381012
0.0
0.990224248662
0.0
0.0
0.873370826912
0.0
0.0
0.945475287128
0.0
0.056212867181
0.737836638809
0.612795695238
0.341129884985
0.0
0.118645508102
0.0
0.0
0.695522661127
0.29153169966
0.661996537604
0.49233801957
0.776615308947
0.38229087049
0.237359187614
0.652718689255
0.363632958743
0.560418384234
0.539740145199
0.782554598893
0.620783951977
0.602138845715
0.358721264495
0.419446035236
0.686156811989
0.46047263128
0.715773276435
0.184100966529
0.699678277016
0.740372128371
0.599729990099
0.370258314113
0.455458536017
0.185418201172
0.526932204579
0.836560518686
0.574149868315
0.486098371832
0.83867519327
0.0584925055364
0.925794665012
0.0
0.289842721336
0.173294080708
0.716273905463
0.4830053972
0.107513532863
0.388488366524
0.322685641807
0.68780932734
0.0
0.714912763875
0.505345280755
0.0
0.254403783221
0.810466682189
0.654803208794
0.564632004545
0.212402712421
0.602127682638
0.0
0.276849990501
0.496856671492
0.511049341282
0.0601077884111
0.0583977296173
0.779794198653
0.867013791314
0.902690583141
0.0393047913549
0.878930206746
0.794292570752
0.146583032372
0.578187129292
0.735625422744
0.0982581285085
0.638445589736
0.0477867456614
0.840862144129
0.766049870154
0.581789220512
0.923364405679
0.0
0.953932896748
0.988420806714
0.919411126682
0.923667232891
0.457407575373
0.530889106059
0.463321905085
0.733201821813
0.596522142046
0.820397798196
0.764215682443
0.2943425206
0.926557933723
0.872689943062
0.988661608669
0.76308961001
0.973595384193
0.0
0.0
0.356258570978
0.544126551214
0.0
0.0
0.374603751335
0.399341991437
0.0
0.961697783442
0.907695297419
0.364456319801
0.452034198412
0.783280336548
0.481443273097
0.00114815334966
0.903376533926
0.939882028508
0.278284364987
0.101848630201
0.721143134358
0.0
0.544067034823
0.570440283941
0.751538776347
0.87773508883
0.611031253161
0.995581813341
0.00502028666099
0.0401442161798
0.66135719304
0.762732817378
0.802023445625
0.970318175968
0.774924353789
0.921940048757
0.706668313825
0.226030577539
0.0
0.593754094944
0.921521848562
0.382883395674
0.672276043119
0.39828873243
0.588674373876
0.741598965702
0.422857120292
0.851659306508
0.734158959804
0.0
0.0
0.0
0.0
0.929521819861
0.754820538759
0.723151163879
0.121802845953
0.57705530662
0.61733327414
0.743852761224
0.887336473531
0.703484312667
0.641031575445
0.802447632018
0.556720224812
0.842747249694
0.0
0.642810730794
0.401269945111
0.0
0.484470050833
0.374008326426
0.945460161259
0.891517379162
0.879438492561
0.535336978096
0.941318998664
0.78483373086
0.543208643631
0.658359862105
0.636961657253
0.768128445877
0.420126337359
0.711351239898
0.671985594966
0.0740069588687
0.0
0.0
0.0
0.0
0.976762316461
0.0
0.0
0.299973842214
0.188851656257
0.93564177256
0.348925208856
0.66381627154
0.84404935699
0.492247973032
0.887647495964
0.514275179885
0.328882032498
0.653491768056
0.366746741662
0.779625341881
0.119516319713
0.663596644217
0.58994901931
0.0
0.114420348037
0.0
0.0
0.0
0.506790922754
0.772616100117
0.624230594509
0.172036854207
0.309991699182
0.882802302731
0.103510631298
0.204051905478
0.0
0.479173170312
0.328124025778
0.935716055238
0.467233721338
0.0
0.0
0.0
0.340629795243
0.140577010285
0.38128705201
0.0580698743531
0.568653952977
0.878216739418
0.474883235128
0.0
0.959427790558
0.0
0.231708809752
0.515446154329
0.0545119723553
0.0
0.219819392172
0.103320111268
0.975020834769
0.0734783465284
0.102707037296
0.894137802381
0.326164880771
0.0
0.0
0.0
0.171083329944
0.0
0.0
0.400623626664
0.844718136543
0.0862186574721
0.656052282267
0.288001593993
0.0
0.558528440974
0.0
0.0
0.352576248008
0.122302626512
0.242674295526
0.392390039991
0.0
0.419009523633
0.668347944105
0.0
0.601171001807
0.0
0.216334317063
0.433644543135
0.0
0.0
0.146338875648
0.508800334431
0.0
0.0666423141159
0.485540546102
0.530655466446
0.0
0.0
0.0
0.399162117088
0.159267891024
0.211592797946
0.185725048238
0.195659203563
0.157525298443
0.0
0.544531446416
0.847500496061
0.0
0.0
0.233836033869
0.0
0.676624846978
0.761807978887
0.132634295024
0.353799004712
0.0
0.0
0.921604462763
0.151130363493
0.211398878245
0.0
0.0
0.329085105263
0.393783157205
0.424384948409
0.67628339137
0.505885704596
0.762885195764
0.41059060071
0.0
0.298849625857
0.290993129754
0.214821932239
0.545075750404
0.592407438975
0.956209654836
0.0
0.0
0.0
0.530900700887
0.0310690796694
0.486153027197
0.555158671333
0.0
0.0
0.762126719184
0.0
0.0112513462264
0.315502503583
0.765720488528
0.0857577528549
0.401765151228
0.0
0.0120604441701
0.243127031752
0.0
0.418397021024
0.18472829926
0.32851981703
0.560958331537
0.772877765554
0.0479565338494
0.584697435508
0.772042103124
0.0
0.635658594077
0.370815274137
0.0
0.076507940954
0.204819665692
0.0
0.230321195489
0.0897919633791
0.549540655667
0.594809015717
0.874037919198
0.406574247501
0.331765991241
0.315384980823
0.381837737232
0.543463588726
0.456866077041
0.0
0.0
0.0
0.0
0.0
0.0
0.246300786642
0.498719340479
0.256433390855
0.0
0.190352321601
0.739888933031
0.353196709896
0.2500574019
0.183366792275
0.53277178414
0.0
0.559244583177
0.0
0.244048925563
0.0
0.0
0.878362538718
0.720005543655
0.0
0.380962599371
0.660670477537
0.0674786247598
0.0
0.367694232006
0.0
0.138380204765
0.68053416159
0.0
0.0
0.0
0.157478148817
0.0
0.0
0.183616404122
0.408194232475
0.345979626097
0.0
0.0
0.433935809516
0.0
0.0
0.55648256596
0.0
0.0
0.583414630204
0.435734460617
0.537967942721
0.72121349139
0.749513750375
0.628798074829
0.0390302170007
0.316198006606
0.134681337619
0.0
0.355502314171
0.0
0.306897274077
0.120095918983
0.870847817379
0.0
0.244577788504
0.503354098043
0.0
0.549782698797
0.493705489968
0.0
0.202370847053
0.477580550105
0.0438742220161
0.661416427406
0.814880500183
0.414438689052
0.809513663397
0.0
0.0
0.0
0.275596229379
0.659969595459
0.505661431367
0.0
0.0
0.0
0.0
0.466424142478
0.0
0.0
0.371196369629
0.0
0.40971782836
0.866073336432
0.95763260596
0.0
0.33845433249
0.141526004532
0.782847010008
0.580830630753
0.0
0.643353566536
0.0
0.0
0.927105595384
0.0639540179596
0.442790131379
0.0
0.342309216922
0.680885797843
0.956859982453
0.0
0.912279880575
0.955740067734
0.392457121446
0.932606598014
0.481181410256
0.782719045624
0.175427666376
0.562838331129
0.862830966572
0.0672458856103
0.207183464111
0.102499940597
0.647985690133
0.695707452275
0.687204350833
0.577131232019
0.953890462562
0.0
0.870226291
0.68206991894
0.866629482902
0.834095463388
0.981251256815
0.157982595119
0.205561653134
0.837876394263
0.618204685565
0.898775419074
0.292195585828
0.495463140195
0.927961605823
0.967784021121
0.648001191847
0.727314736439
0.0
0.945462780022
0.0
0.816499266604
0.58237226449
0.762337241117
0.731260622394
0.863819488141
0.543170772467
0.0
0.595912177304
0.296202222372
0.719831121224
0.0238242884277
0.405414629705
0.0
0.888991710448
0.0
0.0
0.779558548422
0.466056956674
0.615043412114
0.989742759147
0.455915041149
0.53686973321
0.632980958487
0.604847891249
0.887999770812
0.561323985221
0.867558834138
0.631643076072
0.748668011108
0.227446462898
0.320807486129
0.636070312756
0.821791592292
0.361255030809
0.640758890006
0.711856951532
0.368013328456
0.609519794603
0.639320865808
0.704055884734
0.8553796717
0.42879699922
0.359078427239
0.0
0.0
0.427588942757
0.497046359643
0.576576331519
0.946698923114
0.0903508023077
0.826839181831
0.499251615331
0.703557895937
0.417480686304
0.454612917954
0.289369932446
0.439124455457
0.800889380316
0.0
0.231367643326
0.247609996001
0.393969117347
0.213089173025
0.535781208016
0.928441082684
0.533894959598
0.770880861051
0.575143272507
0.561183594004
0.0
0.0
0.0
0.791233976227
0.138288173357
0.820674754759
0.845242722774
0.871105065585
0.853020815131
0.908337107452
0.198244360029
0.468321197217
0.592313196452
0.484786245311
0.347515201451
0.885600929067
0.561532277073
0.266876496223
0.683523650822
0.705232352268
0.693406030242
0.686312168067
0.853038659187
0.883038675387
0.418403281729
0.679993777206
0.474368013526
0.189685188106
0.51509948776
0.0
0.953099618065
0.0
0.477458554717
0.0
0.420012256583
0.716310693464
0.975152232184
0.0
0.943341788487
0.768656522743
0.864507147451
0.835378654636
0.588281732223
0.0
0.0944976875528
0.644278207262
0.678536966509
0.835990974464
0.914969979091
0.94663547838
0.0
0.0
0.224802942324
0.398203719699
0.216043855572
0.918891062057
0.0
0.728199809365
0.795549836396
0.962656980071
0.507894036856
0.847668596913
0.292180706728
0.270782776442
0.0
0.80392833258
0.0
0.905532487138
0.924988001455
0.0
0.0
0.669850762701
0.899991701492
0.791951371502
0.541920624969
0.655656210042
0.0
0.145538178694
0.0
0.71801346895
0.0
0.0
0.971898386434
0.477239782709
0.3339456767
0.246648565996
0.101251743151
0.00758452034166
0.0
0.650178911162
0.583083589853
0.186738950066
0.491941945894
0.316014041251
0.894321432959
0.942515739289
0.65757465271
0.869825201218
0.835185599428
0.0
0.196546717534
0.0374126272174
0.0
0.320990119033
0.343771242089
0.514519310587
0.425204974118
0.752234099058
0.923067967373
0.917051403591
0.305477167141
0.960143589457
0.0
0.607042985053
0.373225998326
0.883966967514
0.977701523017
0.26429960058
0.0
0.487120262373
0.195908143587
0.739838906523
0.279418873255
0.928830110049
0.984366820637
0.4246149525
0.537247192449
0.702954773788
0.561759382746
0.293955406956
0.0347767122098
0.735495963966
0.13869095688
0.562746100536
0.535636470612
0.0
0.166988139109
0.144227927785
0.0
0.0
0.228525919461
0.98334602046
0.679148862953
0.677616236279
0.954329780285
0.671743951378
0.717050553786
0.185773439156
0.586898224943
0.821935773515
0.528718443372
0.759782682724
0.854544059834
0.289254830711
0.741178893653
0.590877356488
0.972255343658
0.0625543494966
0.152890277838
0.273588722648
0.157748519085
0.874437216136
0.281647894818
0.0
0.0
0.394128342831
0.706294306822
0.554518838729
0.928105727112
0.548281155139
0.829713133396
0.805261440271
0.150768635917
0.882137968382
0.33153621864
0.378090198689
0.78822029245
0.918642463634
0.712490644232
0.249936067672
0.0
0.0
0.952857540154
0.0
0.0
0.741135563263
0.0
0.320469172992
0.743608463079
0.140344407884
0.0222292174496
0.560646323144
0.748690510212
0.394020585538
0.186463210197
0.930924580664
0.0
0.0311464717416
0.0
0.0
0.180110456938
0.0
0.138435549351
0.0
0.331064404003
0.575359109821
0.0
0.244862477816
0.430885010694
0.737618912015
0.157163914219
0.591542081991
0.892182164227
0.0
0.291851544243
0.0572284268131
0.93679690198
0.531158654237
0.712470287901
0.419492147629
0.77344901112
0.649369775293
0.735015115928
0.237313856503
0.278387335826
0.0
0.0
0.0400393252892
0.148580406298
0.254064480956
0.0
0.0
0.773284425201
0.0
0.640512313185
0.52203539962
0.0206402630462
0.626022544929
0.0
0.245315487427
0.0
0.0
0.0
0.0
0.758685928366
0.0
0.0
0.0
0.0
0.865575822269
0.359429707004
0.426572296326
0.382476235983
0.0700180340981
0.362769400051
0.888828771649
0.589271746525
0.829542705634
0.29295605908
0.555242269691
0.0
0.932790146601
0.616399493299
0.441475918883
0.301343196049
0.702112464949
0.590955867221
0.305331117534
0.0
0.66275150109
0.0
0.0
0.365639022786
0.743655701983
0.204114797725
0.103964276837
0.708129189048
0.597839294196
0.0335774985858
0.0
0.663517802357
0.191832541783
0.533121624615
0.571068803428
0.0
0.182867013481
0.0483075094364
0.133512073164
0.960574970826
0.436335464291
0.672369334952
0.528956167597
0.354314603012
0.7025866607
0.0351894968374
0.0
0.26052224908
0.0
0.443921798731
0.364784232191
0.615933766814
0.262231937083
0.854326821117
0.0
0.0
0.714418146247
0.0
0.0
0.635511579441
0.0
0.113173881974
0.157591873812
0.0
0.216561118629
0.0
0.0
0.0
0.731366833904
0.0
0.729898680973
0.0
0.761348431928
0.0
0.752315616286
0.43520643978
0.64512115247
0.650932324876
0.47739080575
0.821459246981
0.249477403874
0.164071160658
0.544740438157
0.0
0.502600899046
0.720347522552
0.230040758228
0.792756918922
0.702480166262
0.0
0.619863177893
0.0842837406124
0.0
0.0
0.0
0.36780340374
0.506447073126
0.0958651479472
0.0
0.354207611167
0.611307019366
0.243397785952
0.502927966843
0.105842031706
0.63576607522
0.337498624399
0.0
0.442596628072
0.131350508604
0.0499511844508
0.234892002712
0.00199954346349
0.218646458463
0.295428577655
0.145422849218
0.0
0.735833942637
0.0835947025412
0.47963488112
0.116192240867
0.508387176703
0.00952952391967
0.0
0.551298782714
0.809453306685
0.0
0.0
0.867682689903
0.0728524270796
0.0144762413998
0.336610498832
0.0301115452642
0.189010433314
0.0
0.152913486211
0.161605455808
0.0
0.436288729858
0.117660783172
0.301025997869
0.0
0.0
0.637455458362
0.597994378108
0.784224723113
0.0
0.591923643099
0.891458656602
0.0
0.0
0.147378184464
0.0312209385182
0.297254676481
0.120079694105
0.48431410323
0.636891764312
0.730335292532
0.0
0.636756687967
0.249228397393
0.0
0.888460229383
0.248446208332
0.267439086864
0.900934746932
0.8855516474
0.711318526822
0.0
0.0170037843278
0.816225862467
0.808862908521
0.314768827237
0.464338741746
0.440975504725
0.205687830297
0.0
0.340481606955
0.438236938369
0.769589662065
0.0
0.0
0.0
0.0
0.71073061067
0.0
0.639395308248
0.297268038554
0.0453084798897
0.0
0.0
0.0
0.0
0.878760544079
0.29710164638
0.696544240427
0.679952245378
0.0
0.0
0.766352673267
0.0
0.0
0.790080161164
0.620323347545
0.0
0.320158821307
0.85593998866
0.0
0.600999658385
0.500906971607
0.0
0.0
0.557424605144
0.51379774434
0.0
0.511368520381
0.580337843011
0.0
0.348063005964
0.207810059717
0.395340179225
0.867568164495
0.0
0.348562623195
0.135460205996
0.188625229037
0.507060767686
0.31912143804
0.0
0.459540721405
0.0
0.0226353946122
0.419445407352
0.46199304008
0.0
0.0
0.618676977361
0.0
0.459996938649
0.0
0.924728886693
0.629850466669
0.566013966094
0.523756148448
0.869928219219
0.793819923744
0.754374194954
0.719118362021
0.832188587363
0.0
0.792335110387
0.780873340172
0.65048405173
0.783944456365
0.903565458312
0.763998357517
0.748933220131
0.568581353368
0.625137509968
0.14282572942
0.943803022635
0.784038711285
0.80901034507
0.873794286291
0.979727979847
0.75392566677
0.870989128709
0.94386788428
0.801101104677
0.160567046405
0.952021492933
0.0
0.000601943181621
0.0
0.571979324791
0.238373531898
0.883691829457
0.788974953187
0.367924610765
0.0
0.0
0.133228948245
0.0
0.0
0.0
0.0
0.909988193982
0.640041581438
0.821896375363
0.819654893971
0.684925760236
0.222969287576
0.257196301409
0.688008471537
0.915219017746
0.879985013951
0.301375441552
0.0
0.647203862146
0.0
0.184769039613
0.262979542577
0.684357895696
0.0853822740305
0.492468975241
0.65768992453
0.42765943222
0.899981135557
0.109928201891
0.878384299842
0.565909110261
0.939502241527
0.0
0.596691825051
0.839751550429
0.929497291764
0.0
0.657097442471
0.17369080643
0.0
0.0614456167258
0.536319696159
0.0
0.0226366942602
0.0
0.098928118759
0.533432280858
0.575752417399
0.337202740391
0.782495274071
0.271831817362
0.0
0.0
0.0
0.888761832531
0.557769619856
0.261315757399
0.212924359804
0.985966411903
0.362344882138
0.881455973265
0.586910064869
0.574758615528
0.904600715332
0.282325355345
0.861088362201
0.0
0.0
0.915389231531
0.971118254692
0.940072385518
0.978037135288
0.439712206805
0.0571022590775
0.844008917995
0.203442598135
0.126701951042
0.784732081989
0.777592141361
0.945659184949
0.748797480545
0.707356259764
0.903275436748
0.190288890991
0.517861412386
0.547891974637
0.948266581259
0.277402141077
0.927819497811
0.715748111015
0.8485473185
0.690656377032
0.607802670125
0.724293530634
0.46838659583
0.762548265396
0.838126636476
0.839361312067
0.940158382454
0.955836023457
0.0
0.711789887561
0.558729178948
0.415853919651
0.0
0.388260726482
0.863591227479
0.0
0.0
0.934508360715
0.773978001395
0.257886508883
0.419885253295
0.212750799992
0.821612953168
0.141581083252
0.629474862786
0.67149412403
0.349707164912
0.219183029761
0.952953412781
0.747900671817
0.829284242588
0.979313261663
0.232782554695
0.0
0.0
0.211457471559
0.878411163693
0.405117908328
0.942508572901
0.0
0.350510004644
0.679421089032
0.78314742667
0.263980709203
0.0810200807796
0.879240665677
0.823960805719
0.850281742968
0.636832221843
0.449777510382
0.32450316162
0.058307241536
0.904440703318
0.965821696883
0.0
0.0
0.8540911614
0.927025527546
0.778105135269
0.0
0.80933937218
0.665088600728
0.342161438698
0.901242624799
0.0
0.967893648253
0.0
0.444840918019
0.0
0.0
0.500664477029
0.75504030833
0.0
0.900999515231
0.0
0.0
0.0
0.930342992321
0.426190798239
0.0627183420037
0.703200611114
0.491136511352
0.676180280493
0.506919193858
0.0
0.0
0.645855500629
0.0
0.981962174939
0.887794423496
0.625205300195
0.869174092225
0.0
0.906499102093
0.492213098719
0.986316237285
0.943881303043
0.733995134856
0.0
0.273869109499
0.887436650855
0.431847306676
0.332113273763
0.490287883119
0.0339696932073
0.727998108152
0.808415645486
0.959805602919
0.957197922654
0.0
0.0
0.247421198009
0.863718210604
0.626295063856
0.6972836379
0.901754920006
0.934058810675
0.699739039792
0.471933679578
0.0128732487953
0.0
0.897357840123
0.0
0.477881766674
0.814576827892
0.771992771698
0.833191272116
0.254078982412
0.523648311
0.0836389092753
0.747228311944
0.222330614708
0.0
0.657566661536
0.308726556369
0.325864127199
0.553337372515
0.906704728475
0.236446724084
0.480545330394
0.817510214593
0.129165063131
0.798642744491
0.663468646824
0.69880504039
0.0
0.781783265564
0.0
0.0
0.0
0.378155145379
0.943514026424
0.152175402479
0.546683866624
0.673183902985
0.459772643046
0.714208108762
0.0
0.65657218693
0.622839816363
0.837295431925
0.682388500668
0.681684781243
0.0
0.442531834976
0.367206218953
0.69980094432
0.0
0.307233937962
0.345955182588
0.262147143014
0.0
0.0
0.311667480702
0.0323800269238
0.911025250102
0.9523927606
0.58096579837
0.42922123378
0.842513597347
0.0
0.286687198238
0.0959981696902
0.770846079095
0.338018701905
0.39016847516
0.578367426145
0.0
0.298194729097
0.443963626744
0.0797435270729
0.477473611903
0.789376722139
0.293523580165
0.0266984955393
0.346952193181
0.0
0.180985399069
0.97531297905
0.85186595714
0.684346873659
0.0
0.0
0.0
0.0
0.0721201609447
0.793228108129
0.0
0.0
0.191753602472
0.115532972835
0.0
0.0
0.0
0.0
0.370307758213
0.611762312471
0.0
0.771512448095
0.701392770688
0.0
0.324621134891
0.634824457802
0.0
0.0
0.0
0.0
0.421593486827
0.31511245681
0.0
0.718114542208
0.782314017428
0.0929141024377
0.247356859969
0.478908323881
0.0
0.0
0.671639637819
0.0
0.00136423068288
0.293865067365
0.766802221105
0.0337037095865
0.147263896514
0.0
0.222188504088
0.235487673773
0.243984943386
0.0
0.0
0.0
0.234506014996
0.752025285221
0.711314415115
0.0
0.52791096007
0.245928360731
0.0
0.573712747221
0.788006173879
0.688564618383
0.918176952736
0.416664381584
0.0
0.179477461547
0.464136564503
0.972560863413
0.628629002278
0.0
0.0
0.626351203962
0.0
0.0
0.476828245338
0.447447449996
0.137791560386
0.0
0.0
0.0
0.0
0.415370145781
0.4495411417
0.802566775515
0.220881669245
0.352770082407
0.709766251533
0.0
0.0
0.0900539623018
0.170779613854
0.0
0.446971056486
0.0
0.426123623842
0.828339006266
0.355337694654
0.0400055329762
0.709109967628
0.173623541166
0.0
0.521801471323
0.791356581634
0.869723209169
0.853770278193
0.242639875495
0.077150502867
0.0
0.603421271834
0.53998245967
0.0
0.735446786237
0.0
0.167117114946
0.588671772125
0.0
0.738321462635
0.0
0.0
0.0922577212359
0.0
0.117899681882
0.0
0.0
0.0768351062232
0.0
0.79053513
0.623756068934
0.754049664752
0.0
0.595924985756
0.582591892947
0.663308405154
0.600858360494
0.817516591884
0.899619339978
0.580075015202
0.194221665717
0.0
0.0
0.113466829834
0.121152171852
0.0
0.599120036023
0.26808856044
0.0
0.226533371138
0.816893420756
0.0
0.846840731002
0.0
0.507322595036
0.0
0.423448187705
0.675898637163
0.159750639531
0.59755688467
0.0
0.0
0.0160849436751
0.0
0.805399959554
0.700284933969
0.0
0.591772264434
0.179150580107
0.0137276673922
0.426012160536
0.354025251097
0.0
0.0
0.0214869664124
0.817339487403
0.17752058407
0.644053235084
0.697822734414
0.0
0.0
0.0
0.341064058046
0.602273882376
0.0
0.843392150106
0.351398095923
0.204914296718
0.366829080432
0.0
0.361887144912
0.187871833528
0.027711587602
0.0620709435816
0.16370774593
0.108460947748
0.778138307119
0.267844870013
0.466755232977
0.0
0.0911226199692
0.767185108983
0.610310374238
0.0207337630998
0.257022633086
0.0
0.710466117775
0.0
0.0
0.0
0.802446028644
0.0
0.083695132533
0.271360768148
0.247697700424
0.75225099137
0.753692461906
0.0552025630592
0.415120821316
0.528685600093
0.807894488949
0.353753207228
0.0
0.0
0.393368237884
0.180560122593
0.741553079144
0.819030463682
0.412949681473
0.0
0.0
0.0
0.336435163306
0.71423615114
0.542924844447
0.93406095357
0.112905779392
0.103941859059
0.332362613042
0.720960465955
0.0
0.590182012914
0.556690793437
0.467451358691
0.343367070179
0.840237869991
0.514631021443
0.513127957149
0.0480854084311
0.662004094762
0.516994378451
0.399084048806
0.199608555899
0.0
0.802325295337
0.610731175528
0.0
0.366126861886
0.74918957157
0.836716323455
0.304032285942
0.387899731402
0.93600784755
0.207498760272
0.693225908361
0.664472948796
0.844793367611
0.186543054637
0.0
0.331787154603
0.8321872081
0.148590838632
0.927226235407
0.0
0.122756133485
0.900571764517
0.829916503946
0.0
0.0
0.0
0.0
0.918384572259
0.967046034043
0.614025365083
0.658873201967
0.421958087336
0.991042985768
0.876797036999
0.0716100737465
0.280741817672
0.0898011029381
0.130322580076
0.610579822085
0.191279808856
0.522356276766
0.979172383483
0.905169698328
0.410185085796
0.0
0.757817406594
0.92277204213
0.418588442807
0.265539248715
0.76260950179
0.230896516333
0.0
0.379797507823
0.495870112434
0.495811520873
0.873271359632
0.0
0.816869090552
0.0
0.495879462571
0.808225100336
0.566667715285
0.402696502542
0.229700741488
0.732454654272
0.735568331456
0.0
0.117401291225
0.0
0.0
0.667715728217
0.341654820008
0.77224022989
0.83125431876
0.353048171758
0.843614733331
0.414907959873
0.946099431192
0.0853452552851
0.754965214266
0.577609598375
0.0182747538616
0.502797065137
0.734255299202
0.741107558643
0.807383650292
0.0257715359893
0.0318552579047
0.805581470501
0.456082167694
0.96426372681
0.0677379954996
0.0
0.0
0.646444779794
0.257440708754
0.0
0.0373871595264
0.0
0.730429660666
0.903353767821
0.754558992749
0.0489140590534
0.0
0.0
0.0
0.99661087902
0.768175120805
0.950826651333
0.856106672061
0.795327637384
0.00155346465708
0.723686470135
0.124410095854
0.0
0.827847323244
0.207232223213
0.568414119239
0.62462515063
0.549522016421
0.621561328202
0.693780418858
0.763217528998
0.437437953439
0.722453332047
0.589038768956
0.02937902606
0.775648919092
0.679890139399
0.768392961409
0.53974862503
0.034095567188
0.216084427964
0.668778879986
0.539972658134
0.0
0.248838649361
0.188624630603
0.379495345402
0.828899383521
0.837725305072
0.0
0.785743355746
0.830128211723
0.0879248453242
0.967570298634
0.626507069811
0.879390650826
0.0
0.656514535129
0.516500332134
0.474025616796
0.448786905032
0.972620114113
0.811168852554
0.0
0.0
0.677628642627
0.926195910662
0.865355713768
0.482446568912
0.293505983607
0.160089729771
0.856220769845
0.882073143812
0.683597927524
0.0692694244167
0.738641776307
0.860601955386
0.928001527972
0.870780992059
0.616926772984
0.0
0.301819788231
0.257132757363
0.0468569238847
0.393905768217
0.918273212588
0.747354968178
0.306452419162
0.0
0.57970316867
0.889745892228
0.0810297605151
0.921002146067
0.786044391857
0.168839617621
0.83216969271
0.832365080009
0.32647252178
0.0
0.530660826355
0.0
0.340084730384
0.934209079363
0.0636035565071
0.0
0.586859254276
0.0
0.272232011577
0.935766076855
0.892836443113
0.35665736019
0.0637876446253
0.894068346295
0.692020010603
0.504663350063
0.705568582691
0.360013483103
0.363251526306
0.0
0.149593046473
0.850726910758
0.683466166917
0.545100921074
0.778555927835
0.949813627404
0.0
0.522751847093
0.883651986532
0.0
0.142361232293
0.0
0.0103055730256
0.731466826292
0.634331676362
0.700604923538
0.0
0.0
0.0201958584514
0.148021456792
0.972640698285
0.981454083064
0.608712734034
0.825725005724
0.41572922454
0.746232753279
0.842351313583
0.537083245194
0.714795486469
0.0
0.823221048554
0.815251748571
0.668533458851
0.454307624073
0.510231102599
0.568355013262
0.660315988316
0.0
0.0
0.891881471226
0.0
0.195896055652
0.733602204453
0.423749972753
0.519436597012
0.468182237086
0.507804484303
0.0
0.559858041145
0.0
0.539350706217
0.0
0.390420950097
0.0
0.883310941269
0.648104029943
0.407705707555
0.134108283547
0.769958512959
0.956341683838
0.957424546091
0.914482187554
0.280038008624
0.561904421618
0.0
0.356185172154
0.454642750096
0.85028835254
0.0
0.0
0.710530838145
0.42285536312
0.602846810715
0.12523064238
0.58734154749
0.309624431499
0.0
0.0
0.131716336818
0.736080067742
0.851887685955
0.831791015642
0.972475755415
0.898950748182
0.868509420642
0.882610003167
0.88203616859
0.750105929702
0.07295074328
0.0
0.0
0.690300070907
0.922136625875
0.60652184965
0.571283449449
0.923025118154
0.78799337656
0.769518271488
0.6287684898
0.0
0.716793341185
0.00390651465735
0.0
0.826910119258
0.55427043024
0.654642632056
0.430595348681
0.0
0.259778723437
0.0
0.0
0.467843532642
0.601775757597
0.0991917340695
0.590021608509
0.739575723109
0.0
0.947709656148
0.530068403258
0.766608620884
0.0817474234301
0.84458408428
0.637952070526
0.575321289615
0.304412686082
0.0456050283366
0.0
0.144806464394
0.0
0.726248244399
0.0
0.0
0.532504183181
0.407860612389
0.0
0.569657938153
0.0
0.778103082685
0.0
0.0
0.142592263377
0.27371545894
0.660232831868
0.0
0.618316670849
0.604874103072
0.689613510778
0.275296437257
0.75976525907
0.449294873044
0.220838124692
0.0
0.765045490104
0.0
0.0
0.0
0.109582920651
0.0
0.484178716623
0.141778399892
0.0
0.670148750582
0.0
0.520682263787
0.0
0.318908696833
0.853922455205
0.0
0.850494067491
0.735696443574
0.267665073784
0.0
0.231625427957
0.0913635225003
0.27590170777
0.919028281145
0.499209801005
0.508039474575
0.0
0.805498851748
0.0
0.0
0.394610693853
0.159917226979
0.0
0.0
0.0851471941625
0.213728575688
0.0
0.0
0.873553736739
0.797355274379
0.494624201131
0.333742198871
0.0
0.474886769261
0.228353747681
0.441879330139
0.698350714079
0.0
0.0
0.0
0.335242028168
0.296753792309
0.794259317695
0.760965156449
0.257607125932
0.47926114745
0.0275964955157
0.0
0.0
0.739755537104
0.12379958844
0.0
0.0
0.065795488619
0.111910551554
0.716839292798
0.888563214429
0.631678348655
0.701630947001
0.703040569913
0.756042406344
0.219962067894
0.255117613214
0.692696811884
0.0
0.0
0.239612342045
0.442744299806
0.757237306464
0.424574672202
0.0
0.0
0.945790678223
0.341494312009
0.558449506344
0.0770339240637
0.0
0.30926179089
0.0465017763221
0.0339802233289
0.416376702039
0.606275917887
0.51321875715
0.579452477275
0.0236315980869
0.332751650406
0.102628473203
0.0968612619602
0.032047209238
0.0
0.586983751731
0.0
0.0
0.0
0.0
0.703597430329
0.746148511988
0.715748698682
0.0
0.0
0.678595064081
0.70615385288
0.357212757582
0.0
0.258519563077
0.0
0.362896624172
0.640877510051
0.142329100955
0.0
0.852949924715
0.0912230835838
0.312499520962
0.647574231578
0.800408701745
0.938650539874
0.587600155056
0.328827503565
0.39590752265
0.443485938654
0.715125867772
0.481342277638
0.14354335695
0.0
0.494051185091
0.223681673049
0.339607964818
0.0
0.900950616408
0.0
0.689958870718
0.146811351565
0.0
0.325225604082
0.77682012732
0.256622348633
0.574542074825
0.0
0.0
0.0
0.0
0.787197570428
0.610642275878
0.0
0.0
0.580961304065
0.267968780486
0.0
0.0
0.128415718376
0.278887088989
0.100974455213
0.0
0.0
0.0
0.0279347308903
0.0537276598197
0.768852745113
0.365405820601
0.0
0.387360175668
0.953220646869
0.43731957077
0.0
0.0
0.0
0.866577381104
0.237267102627
0.0310201624939
0.472929813079
0.0587614429071
0.743499609239
0.733181325157
0.0
0.11938596656
0.300269733299
0.445922530578
0.255726071126
0.44375500413
0.666549307254
0.366691532364
0.18607946107
0.0
0.234708332462
0.924673956686
0.737072018705
0.0
0.472880968624
0.0713510581177
0.779533911545
0.323358079637
0.0
0.480531036485
0.0
0.0
0.0
0.327730770862
0.681593077963
0.0520729302363
0.115566974124
0.0
0.310410733471
0.0
0.0
0.0
0.0
0.0
0.0
0.284336101137
0.268997029985
0.57391875015
0.155788349334
0.0298910714604
0.518795818655
0.64857126867
0.754762091327
0.0
0.0731123886776
0.78473458652
0.0
0.44658137166
0.113647292075
0.0976828854761
0.0
0.796239740225
0.0
0.0
0.685134057471
0.388470791769
0.0
0.0727954183422
0.0
0.0
0.333005567156
0.210446324364
0.918793543302
0.0
0.0962819209399
0.0
0.84487370467
0.0
0.0
0.149531749556
0.577500848208
0.591480132258
0.258866047035
0.25472990839
0.0
0.222647831676
0.228107126514
0.937076095947
0.513627361344
0.153962079349
0.779485559736
0.776001509443
0.494885604791
0.861361012126
0.758588604105
0.631040246989
0.0
0.839015606867
0.985565703302
0.666505831928
0.770860424553
0.0
0.229806997649
0.702352526191
0.475134187518
0.744447805332
0.0
0.734933705617
0.0772020975858
0.0
0.56267311747
0.49171223127
0.0
0.0
0.0643593510768
0.0
0.540858362914
0.431300573685
0.902973382566
0.862654824006
0.967409407762
0.762756441712
0.800376925086
0.0105533933417
0.136656838002
0.415800292491
0.276981319607
0.0
0.0
0.920214302549
0.0
0.952226402946
0.47745541503
0.189364479195
0.897214601335
0.950802677855
0.0
0.0446024555642
0.934274092399
0.732788535889
0.10535962054
0.797846798625
0.0
0.0
0.682933802525
0.976547454794
0.657596806318
0.892426534728
0.88393923387
0.388037916734
0.851697386766
0.0
0.254888806468
0.723499120688
0.818298880148
0.0978157640536
0.782333761117
0.235466382758
0.834364032321
0.364540134849
0.0
0.72938517676
0.888052895915
0.384868642864
0.662024574102
0.962683785376
0.0846396994555
0.44528673074
0.273926187918
0.429563837802
0.485099177467
0.804888431658
0.769647489312
0.163014877433
0.0547482245
0.421055487793
0.094004322966
0.894059866572
0.759945266121
0.731370266089
0.802472330124
0.834719954931
0.527119048228
0.475946189865
0.366104670254
0.197541283934
0.461777509333
0.848525047766
0.403011815795
0.0
0.746677444725
0.717380200439
0.641550946553
0.741294609122
0.604454709919
0.511167705582
0.807713262636
0.0
0.0
0.86507704808
0.75189032267
0.143452839122
0.0
0.741572764826
0.972622734113
0.354125256877
0.500260619211
0.720963049303
0.160574353495
0.84935063144
0.755116732724
0.204253455008
0.730098208102
0.0
0.773640662257
0.559606115173
0.952996301243
0.0
0.214780706921
0.0
0.261728910476
0.734151099046
0.407109138057
0.93539017987
0.541067309818
0.307540929575
0.0
0.0594688908058
0.714784211822
0.706613056707
0.250516871803
0.610919739559
0.272510474573
0.0679564114461
0.735516721075
0.0
0.691851895166
0.206053101912
0.596815864742
0.368922210958
0.0
0.351185535169
0.846841195722
0.705522016974
0.758340532269
0.813685977349
0.837376622199
0.27279515445
0.728779790133
0.664852446399
0.786574752597
0.816569575146
0.0
0.446208002844
0.426729185712
0.0
0.0
0.130323681586
0.0
0.450422663043
0.522195065115
0.948802157145
0.905631380319
0.812133901223
0.829128768342
0.914619874047
0.210183520163
0.0
0.693141990865
0.20616531898
0.0
0.48235307442
0.312780286581
0.60472844537
0.455176966492
0.0
0.0792088238937
0.628330433051
0.0181247524121
0.790632248655
0.549665204098
0.722005440385
0.532227569668
0.710297833544
0.627417226611
0.566128438969
0.908592130108
0.925488607607
0.74752480385
0.807925074717
0.084259097052
0.799223041313
0.30196009739
0.898186379204
0.939100419772
0.926082760453
0.207227495577
0.627119797778
0.374520149741
0.583422489266
0.0
0.436921500283
0.0
0.349810655453
0.0
0.690342731687
0.645744768866
0.396399309043
0.241051861598
0.561876133744
0.77339914682
0.49806185764
0.453067247682
0.154782278062
0.214281769506
0.579101094779
0.3157185312
0.0958789815649
0.202964044576
0.886011661065
0.678591233453
0.339270086477
0.900325057647
0.842912839133
0.816574137905
0.0
0.399090054646
0.698885187973
0.506179108026
0.883750514558
0.4902703069
0.682322361003
0.672142126054
0.0
0.730652777877
0.737737005465
0.661821065541
0.760863897415
0.763064219356
0.395482910418
0.89618271637
0.379160592165
0.016685526146
0.641941363518
0.956345435954
0.0
0.0
0.233886651439
0.0
0.184706622737
0.935824935728
0.605671308348
0.812838520089
0.0844193476357
0.94408981258
0.131496794663
0.637065961399
0.0
0.852462008802
0.637207004088
0.886504817049
0.993635376437
0.781131359903
0.0
0.751621591644
0.839742952564
0.415820872033
0.0
0.864686796432
0.423547854529
0.772458946007
0.217645761277
0.944840815018
0.38479277804
0.0
0.0
0.950318392356
0.681276541274
0.902248328738
0.907537174461
0.918569624578
0.677418641771
0.968674035813
0.0
0.722019020683
0.49363195464
0.91559913761
0.889300566944
0.577019272578
0.591590927261
0.0
0.392489284396
0.0
0.52539512827
0.0
0.0
0.686326938979
0.896344121651
0.160187092671
0.357080239976
0.267560284112
0.0
0.0
0.0
0.0
0.691793472789
0.704796118171
0.0354579734005
0.481807133758
0.822289713133
0.0
0.409376676867
0.38666944679
0.492270872524
0.373583758247
0.547027294099
0.119860900368
0.447168101724
0.35783850443
0.693743994289
0.0
0.675397561988
0.637662044009
0.535849158899
0.374079015628
0.198925436576
0.174171278555
0.422865422111
0.668663174196
0.0
0.30946737977
0.426053990326
0.0
0.588689891696
0.0922686984442
0.119284747499
0.0146312624235
0.261938554861
0.704208381682
0.795464485455
0.791434863287
0.0
0.515946673363
0.155171850359
0.140949643048
0.0
0.549609634814
0.0
0.766118517372
0.10639724394
0.255084115885
0.714615298913
0.161552633061
0.774795427899
0.0758395279079
0.147702957951
0.401783865265
0.254630994473
0.0
0.792856577574
0.181074318218
0.988932390068
0.67131110787
0.429073753719
0.977375777506
0.297087598504
0.0
0.251258541177
0.268515278309
0.495420631947
0.751503562747
0.581737329819
0.664214452251
0.195028620017
0.0
0.102869985087
0.598902102362
0.949497596345
0.0947511858859
0.942216672825
0.778029926984
0.417577835741
0.0
0.489670475428
0.347822797939
0.74064088193
0.455633722962
0.526459266227
0.377243479142
0.443125541784
0.189988505985
0.338733508734
0.864794850511
0.0
0.644947391135
0.0
0.360199148754
0.20488988311
0.0
0.0809682272996
0.482224928459
0.266981489725
0.388708456963
0.158250168173
0.0
0.673602926692
0.470151358668
0.763951404828
0.0
0.0
0.340687514569
0.795811536679
0.754002729244
0.886733759021
0.103168756299
0.0
0.174028545243
0.0
0.579476903653
0.590682730316
0.0
0.698233302913
0.0
0.267608197967
0.453876578944
0.140662604558
0.0
0.0
0.96444671001
0.190877590365
0.00855802219483
0.563409233856
0.332644957224
0.302089680122
0.546001235259
0.584998670491
0.277608747393
0.261253046085
0.163671914645
0.463951390629
0.755189293079
0.0
0.135632609739
0.0
0.0946982867019
0.0
0.265609490942
0.11527601935
0.148349612055
0.0
0.324134526876
0.470063881438
0.410118511248
0.449707098619
0.86861729623
0.425153179662
0.224381595602
0.689195995222
0.529702142669
0.194437716982
0.555975549384
0.868612779564
0.623743139732
0.0
0.0
0.266578660618
0.0
0.474253962901
0.0
0.429662090586
0.0
0.628935944476
0.0
0.0
0.709269441723
0.635135175693
0.111225064904
0.175061684521
0.0
0.0
0.115097602198
0.0
0.728637265964
0.0
0.85831240842
0.806266334416
0.476230435745
0.688294730404
0.0
0.533399239254
0.102412527937
0.337576295013
0.78382691756
0.0
0.62092845972
0.476507308228
0.494964568593
0.0
0.259525932801
0.456294096027
0.0516914173471
0.0116224216178
0.145065972318
0.474224883631
0.222279161615
0.420881949788
0.0894317834885
0.0
0.0
0.262647982654
0.0728737659573
0.0
0.250372396771
0.567945655361
0.497711523814
0.536280528615
0.462650688496
0.69196416644
0.117708420007
0.311215967301
0.268403502748
0.702467623463
0.0
0.466397882551
0.0
0.0
0.36751917781
0.836114768614
0.252716203325
0.0
0.621648673713
0.483728398316
0.886853915004
0.42342297872
0.184497011262
0.446401467432
0.0
0.403516399827
0.638496520413
0.0
0.662349500569
0.177859360203
0.191205781554
0.590271088341
0.393111056259
0.0
0.315003210258
0.0
0.10049772693
0.552771458289
0.845446385805
0.297236470265
0.431788981487
0.794082826886
0.560182146593
0.418187901668
0.805393867781
0.616795545747
0.494391948248
0.582919234766
0.0
0.703197035965
0.752680002483
0.69780119166
0.356187284179
0.0
0.246627857165
0.542027378887
0.0
0.0
0.298214818298
0.0
0.178847598975
0.273723198491
0.0
0.0
0.880004963374
0.0
0.750438479432
0.0
0.0
0.447878871364
0.191793959656
